##物品ID   目标物角色ID     角色的等级 角色的类型 角色类型的数值  奖励物品id   奖励物品数量
#物品ID：A的物品ID，在物品配置里可查id
#目标物品ID：B的角色ID，在角色配置里可查id
#角色的等级：发放角色的等级
#角色的类型：0：永久 1：计时 2：计次
#角色类型的数值： 角色类型为0时无效， 角色类型的数值为1时候为有效的时间单位秒   角色类型的数值为2的时候为有效的对局数
#奖励物品id ： 如果角色已经有了，发的物品的id
#奖励物品数量 ： 如果角色已经有了，发的物品的数量

30070200	10020000	30	2	3	30013306	1
30070300	10030000	30	2	3	30013306	1
30070400	10040000	40	2	3	30013306	1
30070500	10050000	40	2	3	30013306	1
30070600	12000000	30	2	3	30013306	1
30070700	12010000	30	2	3	30013306	1
30071000	12040000	30	2	3	30013306	1
30071100	10140000	40	2	3	30013306	1
30071200	10150000	40	2	3	30013306	1
30071300	10160000	30	2	3	30013306	1
30071400	10170000	30	2	3	30013306	1
30071500	10180000	40	2	3	30013306	1
30071600	10190000	40	2	3	30013306	1
30070201	10020000	30	1	86400	30013306	3
30070301	10030000	30	1	86400	30013306	3
30070401	10040000	40	1	86400	30013306	3
30070501	10050000	40	1	86400	30013306	3
30070601	12000000	30	1	86400	30013306	3
30070701	12010000	30	1	86400	30013306	3
30071001	12040000	30	1	86400	30013306	3
30071101	10140000	40	1	86400	30013306	3
30071201	10150000	40	1	86400	30013306	3
30071301	10160000	30	1	86400	30013306	3
30071401	10170000	30	1	86400	30013306	3
30071501	10180000	40	1	86400	30013306	3
30071601	10190000	40	1	86400	30013306	3
30070202	10020000	60	2	3	30014408	1
30070302	10030000	60	2	3	30014408	1
30070402	10040000	80	2	3	30014408	1
30070502	10050000	80	2	3	30014408	1
30070602	12000000	60	2	3	30014408	1
30070702	12010000	60	2	3	30014408	1
30071002	12040000	60	2	3	30014408	1
30071102	10140000	80	2	3	30014408	1
30071202	10150000	80	2	3	30014408	1
30071302	10160000	60	2	3	30014408	1
30071402	10170000	60	2	3	30014408	1
30071502	10180000	80	2	3	30014408	1
30071602	10190000	80	2	3	30014408	1
30070203	10020000	60	1	86400	30014408	3
30070303	10030000	60	1	86400	30014408	3
30070403	10040000	80	1	86400	30014408	3
30070503	10050000	80	1	86400	30014408	3
30070603	12000000	60	1	86400	30014408	3
30070703	12010000	60	1	86400	30014408	3
30071003	12040000	60	1	86400	30014408	3
30071103	10140000	80	1	86400	30014408	3
30071203	10150000	80	1	86400	30014408	3
30071303	10160000	60	1	86400	30014408	3
30071403	10170000	60	1	86400	30014408	3
30071503	10180000	80	1	86400	30014408	3
30071603	10190000	80	1	86400	30014408	3
