#兑换线ID	兑换类型	源数量	物品ID	物品名称	目标数量	目标物品ID	目标物品名称	目标物品图标名称	发送到哪一端	兑换开始时间	兑换结束时间	打折开始时间	打折结束时间	打折价格	兑换分类	新手专属	运营角标	跑马灯ID	帐号体系	
7	3	1	33000000	福卡	1	70010029	iphone7手机	image/Icon/ItemExchange/70010029.png	0	1483200000	1483200000	1483200000	1483200000	1	0	0	1	0	0
8	3	1	33000000	福卡	1	30030003	TDT线下赛门票	image/Icon/Item/30030003.png	0	1483200000	1483200000	1483200000	1483200000	1	1	0	1	0	0
27	3	1	33000000	福卡	1	70010036	宝骏310汽车	image/Icon/ItemExchange/70010036.png	2	1483200000	1483200000	1483200000	1483200000	1	6	0	1	0	0
26	3	1	33000000	福卡	1	70010027	100元购物卡	image/Icon/ItemExchange/70010027.png	0	1483200000	1483200000	1483200000	1514736000	1	1	0	1	0	0
28	3	1	33000000	福卡	1	70020008	tiffany蚕豆项链	image/Icon/ItemExchange/70020008.png	0	1483200000	1488902399	1483200000	1483200000	1	6	0	2	0	0
23	3	128800	33000000	福卡	1	70020003	红米note4手机	image/Icon/ItemExchange/70020003.png	3	1483200000	1498838399	1483200000	1483200000	1	1	0	2	0	0
33	3	1	33000000	福卡	1	70020013	iWatch	image/Icon/ItemExchange/70020013.png	3	1483200000	1483200000	1483200000	1483200000	1	3	0	2	0	0
25	3	558800	33000000	福卡	1	70010025	iPhone7	image/Icon/ItemExchange/70010025.png	3	1483200000	1498838399	1483200000	1483200000	1	4	0	2	0	0
49	3	52014	33000000	福卡	1	70020026	飞利浦剃须刀	image/Icon/ItemExchange/70020026.png	3	1488942000	1489507199	1483200000	1483200000	1	5	0	2	0	0
50	3	52013	33000000	福卡	1	70020027	施华洛世奇水晶项链	image/Icon/ItemExchange/70020027.png	3	1488942000	1489507199	1483200000	1514736000	1	1	0	2	0	0
#60	4	1	33000000	福卡	1	30060008	50元京东购物卡	image/Icon/ItemExchange/70010031.png	3	1483200000	1498838399	1483200000	1483200000	1	3	0	2	0	0
#61	4	1	33000000	福卡	1	30060009	100元京东购物卡	image/Icon/ItemExchange/70010031.png	3	1483200000	1498838399	1483200000	1483200000	1	4	0	3	0	0
#59	3	1	33000000	福卡	1	70020036	1000元京东购物卡	image/Icon/ItemExchange/70010031.png	3	1483200000	1498838399	1483200000	1483200000	1	5	0	3	0	0
11	1	10	33000000	福卡	1	70010018	10元话费	image/Icon/ItemExchange/70010018.png	3	1483200000	1483200000	1483200000	1483200000	1	4	0	3	0	0
12	1	20	33000000	福卡	1	70010000	20元话费	image/Icon/ItemExchange/70010000.png	3	1483200000	1483200000	1483200000	1483200000	1	5	0	3	0	0
13	1	30	33000000	福卡	1	70010001	30元话费	image/Icon/ItemExchange/70010001.png	3	1483200000	1483200000	1483200000	1483200000	1	2	0	3	0	0
14	1	50	33000000	福卡	1	70010002	50元话费	image/Icon/ItemExchange/70010002.png	3	1483200000	1483200000	1483200000	1483200000	1	2	0	3	0	0
43	3	78000	33000000	福卡	1	70020020	富士拍立得	image/Icon/ItemExchange/70020020.png	3	1483200000	1504195199	1483200000	1483200000	1	2	0	3	0	0
18	3	21800	33000000	福卡	1	70010005	美的电磁炉	image/Icon/ItemExchange/70010005.png	3	1483200000	1504195199	1483200000	1483200000	1	3	0	3	0	0
#19	3	18600	33000000	福卡	1	70010003	美的电饭煲	image/Icon/ItemExchange/70010003.png	3	1483200000	1504195199	1483200000	1483200000	1	3	0	4	0	0
46	3	288800	33000000	福卡	1	70020022	OPPOR9s(金色)	image/Icon/ItemExchange/70020022.png	3	1483200000	1504195199	1483200000	1483200000	1	3	0	4	0	0
52	3	1	33000000	福卡	1	70020029	周大福黄金转运珠	image/Icon/ItemExchange/30040048.png	3	1483200000	1500134399	1483200000	1483200000	1	3	0	4	0	0
53	3	1	33000000	福卡	1	70020030	周大福黄金鸡吊坠	image/Icon/ItemExchange/70020030.png	3	1483200000	1500134399	1483200000	1483200000	1	3	0	4	0	0
54	3	1	33000000	福卡	1	70020031	周大福金项链	image/Icon/ItemExchange/70020031.png	3	1483200000	1500134399	1483200000	1483200000	1	3	0	4	0	0
#58	3	1	33000000	福卡	1	70020035	3000元京东购物卡	image/Icon/ItemExchange/70010031.png	3	1483200000	1498838399	1483200000	1483200000	1	3	0	4	0	0
#57	3	1	33000000	福卡	1	70020034	5000元京东购物卡	image/Icon/ItemExchange/70010031.png	3	1483200000	1498838399	1483200000	1483200000	1	3	0	4	0	0
#55	3	1	33000000	福卡	1	70020032	传祺GA3S汽车使用权	image/Icon/ItemExchange/70010029.png	3	1483200000	1497801599	1483200000	1483200000	1	3	0	4	0	0
#56	3	1	33000000	福卡	1	70020033	传祺杯线下赛门票	image/Icon/ItemExchange/70010035.png	3	1483200000	1497801599	1483200000	1483200000	1	3	0	4	0	0
39	3	12000	33000000	福卡	1	70020018	松下吹风机	image/Icon/ItemExchange/70020018.png	3	1483200000	1504195199	1483200000	1483200000	1	3	0	4	0	0
38	3	11000	33000000	福卡	1	70020017	小米手环	image/Icon/ItemExchange/70020017.png	3	1483200000	1504195199	1483200000	1483200000	1	3	0	5	0	0
44	3	108800	33000000	福卡	1	70020021	海尔电冰箱	image/Icon/ItemExchange/70020021.png	3	1483200000	1504195199	1483200000	1483200000	1	3	0	5	0	0
48	3	318800	33000000	福卡	1	70020024	乐视49寸电视	image/Icon/ItemExchange/70020024.png	3	1483200000	1504195199	1483200000	1483200000	1	3	0	5	0	0
47	3	308800	33000000	福卡	1	70020023	Ipadmini4(32G)	image/Icon/ItemExchange/70020023.png	3	1483200000	1504195199	1483200000	1483200000	1	3	0	5	0	0
42	3	25800	33000000	福卡	1	70020019	美的落地扇	image/Icon/ItemExchange/70020019.png	3	1483200000	1504195199	1483200000	1483200000	1	3	0	5	0	0
37	3	9600	33000000	福卡	1	70020016	美的热水壶	image/Icon/ItemExchange/70020016.png	3	1483200000	1504195199	1483200000	1483200000	1	3	0	5	0	0
51	3	7600	33000000	福卡	1	70020028	香山电子秤	image/Icon/ItemExchange/70020028.png	3	1483200000	1504195199	1483200000	1483200000	1	3	0	5	0	0
35	3	4000	33000000	福卡	1	70020025	福临门优质大米4kg	image/Icon/ItemExchange/70020025.png	3	1483200000	1504195199	1483200000	1483200000	1	3	0	5	0	0
36	3	7600	33000000	福卡	1	70020015	金龙鱼调和油5L	image/Icon/ItemExchange/70020015.png	3	1483200000	1504195199	1483200000	1483200000	1	3	0	5	0	0
62	3	1	33000000	福卡	1	70020037	华为手环	image/Icon/ItemExchange/70020032.png	3	1483200000	1483200000	1483200000	1483200000	1	3	0	5	0	0
100	1	10000	33000000	福卡	1	70010018	10元话费	image/Icon/Welfare/70030001.png	2	1483200000	1498838340	1483200000	1483200000	1	2	0	0	1	0
101	4	1	33000000	福卡	1	33000000	福卡	image/Icon/Item/33000000.png	2	1483200000	1498838340	1497110400	1518624000	1	0	0	0	1	0
102	3	222000	33000000	福卡	1	70020029	iphone 7	image/Icon/Welfare/70030001.png	2	1483200000	1498838340	1483200000	1527782400	5000	4	0	0	1	0
103	3	1	33000000	福卡	1	30060009	滚筒洗衣机	image/Icon/Welfare/70030002.png	2	1483200000	1498838340	1497110400	1528646400	1	6	0	0	1	0
104	4	1	33000000	福卡	12	40000001	欢乐豆	image/Icon/Item/40000001.png	2	1483200000	1501430340	1483200000	1483200000	1	5	0	0	1	0
105	3	50000	33000000	福卡	1	70020026	洗衣液	image/Icon/Welfare/70030003.png	2	1483200000	1501430340	1484064000	1498752000	1000	1	1	5	1	0
1000	1	0	0	夺宝无需兑换物	1	70010000	10元话费	image/Icon/Welfare/70030001.png	0	1483200000	1819727999	1483200000	1483200000	1	6	0	0	0	0
1001	2	0	0	夺宝无需兑换物	1	70010025	Q币	image/Icon/Welfare/70030002.png	0	1483200000	1819727999	1483200000	1483200000	1	6	0	0	0	0
1002	3	0	0	夺宝无需兑换物	1	70020025	福临门优质大米4kg	image/Icon/Welfare/70030003.png	0	1483200000	1819727999	1483200000	1483200000	1	6	0	0	0	0
1003	4	0	0	夺宝无需兑换物	10	70020037	钻石	image/Icon/Item/40000010.png	0	1483200000	1798732800	1483200000	1483286400	1	6	0	0	0	0
1004	3	0	0	夺宝无需兑换物	1	70030001	iphone 7	image/Icon/Welfare/70030001.png	0	1483200000	1814371140	1483200000	1483372800	1	6	0	0	0	0
1005	3	0	0	夺宝无需兑换物	1	70030002	滚筒洗衣机	image/Icon/Welfare/70030002.png	0	1483200000	1814371140	1497110400	1483459200	1	6	0	0	0	0
1006	3	0	0	夺宝无需兑换物	1	70030003	洗衣液	image/Icon/Welfare/70030003.png	0	1483200000	1814371140	1483200000	1483545600	1	6	0	0	0	0
1007	3	0	0	夺宝无需兑换物	1	70030004	电风扇	image/Icon/Welfare/70030001.png	0	1483200000	1814371140	1497110400	1483632000	1	6	0	0	0	0
1008	4	0	0	夺宝无需兑换物	10000	40000001	欢乐豆	image/Icon/Item/40000001.png	0	1483200000	1816963140	1483200000	1483718400	1	6	0	0	0	0
