##1物品ID   2图标名称   3物品名称   4物品类型   5品质   6效果值 7技能效果   8使用获得   9持有上限   10使用等级限制  11描述  12时效  13道具使用模式  14物品阶数 15在背包中的显示页签 16使用跳转位置 17显示跳转按钮时机 18量词 19计数单位 20伪链接跳转
#物品ID：3开头的ID段为物品
#图标名称：图标资源名称
#物品名称：物品的中文名
#物品类型：1 经验卡；2 对局道具
#品质：品质影响物品图标边框颜色，0 无品质概念；1 劣质；2 普通；3 优秀；4 极品；5 史诗
#效果值：经验卡物品类即可与提供的经验
#技能效果：对局道具使用后对应的技能效果
#使用获得：为以后的宝箱类物品预留
#持有上限：大于0表示计次上限个数
#使用等级限制：玩家等级至少要多少级才能使用
#描述：物品说明的文本
#时效：从获得开始计算，多少分钟以后失效
#道具使用模式：0 表示非对局道具；1 只在休闲模式中可使用；2 只在竞技模式中可使用；3 休闲、竞技模式都可使用
#物品阶数
#在背包中的显示页签：0 不显示；1 显示在道具中； 2 显示在门票中
#使用跳转位置： 0 不跳转； 1 跳转每日登录奖励； 2 跳转角色界面； 3 跳转挑战赛； 4 跳转商城（默认）； 5 跳转商城（道具）
#显示跳转按钮时机：0 不显示；1 全显示； 2 只在对局外显示； 3 只在对局内显示
#量词： 0为空
#计数单位：1 数量 2 时限
#伪链接跳转
30000000	image/Icon/Item/30000000.png	爱心	32	0	1	0	0	0	1	这其实是体力	0	0	0	0	0	1	个	1	0	0
30000001	image/Icon/Item/30000000.png	爱心	31	0	1	0	0	0	1	这其实是对局中的生命	0	0	0	0	0	1	个	1	0	0
30011100	image/Icon/Item/30010000.png	茶叶蛋1阶	1	1	80	0	0	0	1	不是只有土豪才能吃茶叶蛋的~（可用于提升角色等级）	0	0	1	5	0	1	个	1	0	0
30011101	image/Icon/Item/30010001.png	包子1阶	1	1	80	0	0	0	1	菜包肉包豆沙包，每样来一份！（可用于提升角色等级）	0	0	1	5	1	2	个	1	0	0
30011200	image/Icon/Item/30010000.png	茶叶蛋2阶	1	2	160	0	0	0	1	不是只有土豪才能吃茶叶蛋的~（可用于提升角色等级）	0	0	2	5	0	1	个	1	0	0
30011201	image/Icon/Item/30010001.png	包子2阶	1	2	160	0	0	0	1	菜包肉包豆沙包，每样来一份！（可用于提升角色等级）	0	0	2	5	0	1	个	1	0	0
30011300	image/Icon/Item/30010000.png	茶叶蛋3阶	1	3	320	0	0	0	1	不是只有土豪才能吃茶叶蛋的~（可用于提升角色等级）	0	0	3	5	0	1	个	1	0	0
30011301	image/Icon/Item/30010001.png	包子3阶	1	3	320	0	0	0	1	菜包肉包豆沙包，每样来一份！（可用于提升角色等级）	0	0	3	5	0	1	个	1	0	0
30012102	image/Icon/Item/30010002.png	肉夹馍1阶	1	1	90	0	0	0	1	布鲁请大家吃肉夹馍咯！（可用于提升角色等级）	0	0	1	5	0	1	个	1	0	0
30012103	image/Icon/Item/30010003.png	鸡腿1阶	1	1	90	0	0	0	1	吃鸡大腿可以变强壮，棒棒棒！（可用于提升角色等级）	0	0	1	5	0	1	个	1	0	0
30012202	image/Icon/Item/30010002.png	肉夹馍2阶	1	2	180	0	0	0	1	布鲁请大家吃肉夹馍咯！（可用于提升角色等级）	0	0	2	5	0	1	个	1	0	0
30012203	image/Icon/Item/30010003.png	鸡腿2阶	1	2	180	0	0	0	1	吃鸡大腿可以变强壮，棒棒棒！（可用于提升角色等级）	0	0	2	5	0	1	个	1	0	0
30012302	image/Icon/Item/30010002.png	肉夹馍3阶	1	3	360	0	0	0	1	布鲁请大家吃肉夹馍咯！（可用于提升角色等级）	0	0	3	5	0	1	个	1	0	0
30012303	image/Icon/Item/30010003.png	鸡腿3阶	1	3	360	0	0	0	1	吃鸡大腿可以变强壮，棒棒棒！（可用于提升角色等级）	0	0	3	5	0	1	个	1	0	0
30013104	image/Icon/Item/30010004.png	葡挞1阶	1	1	100	0	0	0	1	其实我的小名叫：奶油酥皮馅饼。（可用于提升角色等级）	0	0	1	5	0	1	个	1	0	0
30013105	image/Icon/Item/30010005.png	雪糕1阶	1	1	100	0	0	0	1	还记得大明湖畔的娃娃头么？（可用于提升角色等级）	0	0	1	5	0	1	个	1	0	0
30013106	image/Icon/Item/30010006.png	提拉米苏1阶	1	1	100	0	0	0	1	一种带咖啡酒味儿的意大利甜点。（可用于提升角色等级）	0	0	1	5	0	1	个	1	0	0
30013204	image/Icon/Item/30010004.png	葡挞2阶	1	2	200	0	0	0	1	其实我的小名叫：奶油酥皮馅饼。（可用于提升角色等级）	0	0	2	5	0	1	个	1	0	0
30013205	image/Icon/Item/30010005.png	雪糕2阶	1	2	200	0	0	0	1	还记得大明湖畔的娃娃头么？（可用于提升角色等级）	0	0	2	5	0	1	个	1	0	0
30013206	image/Icon/Item/30010006.png	提拉米苏2阶	1	2	200	0	0	0	1	一种带咖啡酒味儿的意大利甜点。（可用于提升角色等级）	0	0	2	5	0	1	个	1	0	0
30013304	image/Icon/Item/30010004.png	葡挞3阶	1	3	400	0	0	0	1	其实我的小名叫：奶油酥皮馅饼。（可用于提升角色等级）	0	0	3	5	0	1	个	1	0	0
30013305	image/Icon/Item/30010005.png	雪糕3阶	1	3	400	0	0	0	1	还记得大明湖畔的娃娃头么？（可用于提升角色等级）	0	0	3	5	0	1	个	1	0	0
30013306	image/Icon/Item/30010006.png	提拉米苏3阶	1	3	400	0	0	0	1	一种带咖啡酒味儿的意大利甜点。（可用于提升角色等级）	0	0	3	5	0	1	个	1	0	0
30014107	image/Icon/Item/30010007.png	披萨1阶	1	1	120	0	0	0	1	增肉神器，吃了变胖。（可用于提升角色等级）	0	0	1	5	0	1	个	1	0	0
30014108	image/Icon/Item/30010008.png	虾饺1阶	1	1	120	0	0	0	1	皮薄肉嫩，爽口弹牙，茶点必备。（可用于提升角色等级）	0	0	1	5	0	1	个	1	0	0
30014109	image/Icon/Item/30010009.png	寿司1阶	1	1	120	0	0	0	1	你要三文鱼的还是北极贝的？（可用于提升角色等级）	0	0	1	5	0	1	个	1	0	0
30014207	image/Icon/Item/30010007.png	披萨2阶	1	2	240	0	0	0	1	增肉神器，吃了变胖。（可用于提升角色等级）	0	0	2	5	0	1	个	1	0	0
30014208	image/Icon/Item/30010008.png	虾饺2阶	1	2	240	0	0	0	1	皮薄肉嫩，爽口弹牙，茶点必备。（可用于提升角色等级）	0	0	2	5	0	1	个	1	0	0
30014209	image/Icon/Item/30010009.png	寿司2阶	1	2	240	0	0	0	1	你要三文鱼的还是北极贝的？（可用于提升角色等级）	0	0	2	5	0	1	个	1	0	0
30014307	image/Icon/Item/30010007.png	披萨3阶	1	3	480	0	0	0	1	增肉神器，吃了变胖。（可用于提升角色等级）	0	0	3	5	0	1	个	1	0	0
30014308	image/Icon/Item/30010008.png	虾饺3阶	1	3	480	0	0	0	1	皮薄肉嫩，爽口弹牙，茶点必备。（可用于提升角色等级）	0	0	3	5	0	1	个	1	0	0
30014309	image/Icon/Item/30010009.png	寿司3阶	1	3	480	0	0	0	1	你要三文鱼的还是北极贝的？（可用于提升角色等级）	0	0	3	5	0	1	个	1	0	0
30014407	image/Icon/Item/30010007.png	披萨4阶	1	4	1700	0	0	0	1	增肉神器，吃了变胖。（可用于提升角色等级）	0	0	4	5	0	1	个	1	0	0
30014408	image/Icon/Item/30010008.png	虾饺4阶	1	4	1700	0	0	0	1	皮薄肉嫩，爽口弹牙，茶点必备。（可用于提升角色等级）	0	0	4	5	0	1	个	1	0	0
30014409	image/Icon/Item/30010009.png	寿司4阶	1	4	1700	0	0	0	1	你要三文鱼的还是北极贝的？（可用于提升角色等级）	0	0	4	5	0	1	个	1	0	0
30015110	image/Icon/Item/30010010.png	煎牛排1阶	1	1	150	0	0	0	1	来试试五分熟的煎牛排吧！（可用于提升角色等级）	0	0	1	5	0	1	个	1	0	0
30015111	image/Icon/Item/30010011.png	鱼子沙拉1阶	1	1	150	0	0	0	1	高冷的鱼子沙拉，西餐里的开胃头盘菜！（可用于提升角色等级）	0	0	1	5	0	1	个	1	0	0
30015112	image/Icon/Item/30010012.png	大闸蟹1阶	1	1	150	0	0	0	1	你猜我是不是阳澄湖的？（可用于提升角色等级）	0	0	1	5	0	1	个	1	0	0
30015210	image/Icon/Item/30010010.png	煎牛排2阶	1	2	300	0	0	0	1	来试试五分熟的煎牛排吧！（可用于提升角色等级）	0	0	2	5	0	1	个	1	0	0
30015211	image/Icon/Item/30010011.png	鱼子沙拉2阶	1	2	300	0	0	0	1	高冷的鱼子沙拉，西餐里的开胃头盘菜！（可用于提升角色等级）	0	0	2	5	0	1	个	1	0	0
30015212	image/Icon/Item/30010012.png	大闸蟹2阶	1	2	300	0	0	0	1	你猜我是不是阳澄湖的？（可用于提升角色等级）	0	0	2	5	0	1	个	1	0	0
30015310	image/Icon/Item/30010010.png	煎牛排3阶	1	3	600	0	0	0	1	来试试五分熟的煎牛排吧！（可用于提升角色等级）	0	0	3	5	0	1	个	1	0	0
30015311	image/Icon/Item/30010011.png	鱼子沙拉3阶	1	3	600	0	0	0	1	高冷的鱼子沙拉，西餐里的开胃头盘菜！（可用于提升角色等级）	0	0	3	5	0	1	个	1	0	0
30015312	image/Icon/Item/30010012.png	大闸蟹3阶	1	3	600	0	0	0	1	你猜我是不是阳澄湖的？（可用于提升角色等级）	0	0	3	5	0	1	个	1	0	0
30015410	image/Icon/Item/30010010.png	煎牛排4阶	1	4	2100	0	0	0	1	来试试五分熟的煎牛排吧！（可用于提升角色等级）	0	0	4	5	0	1	个	1	0	0
30015411	image/Icon/Item/30010011.png	鱼子沙拉4阶	1	4	2100	0	0	0	1	高冷的鱼子沙拉，西餐里的开胃头盘菜！（可用于提升角色等级）	0	0	4	5	0	1	个	1	0	0
30015412	image/Icon/Item/30010012.png	大闸蟹4阶	1	4	2100	0	0	0	1	你猜我是不是阳澄湖的？（可用于提升角色等级）	0	0	4	5	0	1	个	1	0	0
30016513	image/Icon/Item/30010013.png	大龙虾5阶	1	5	7500	0	0	0	1	我很贵！非常贵！（可用于提升角色等级）	0	0	5	5	0	1	个	1	0	0
30020000	image/Icon/Item/30020000.png	得分加成	2	0	0	1000	0	0	1	下局获胜时总分加成10%	0	2	0	1	0	1	个	1	0	0
30020001	image/Icon/Item/30020001.png	超级加倍	3	0	0	4	0	0	1	倍数×4，加倍环节可使用	0	3	0	1	0	1	个	1	0	0
30020002	image/Icon/Item/30020002.png	连胜符	4	0	0	1	0	0	1	对局失败时连胜数不清零	0	2	0	1	0	1	个	1	0	0
30020003	image/Icon/Item/30020003.png	记牌器(单局)	5	0	0	0	0	0	1	可查看其他玩家已打出的牌	0	3	0	1	0	1	个	1	0	0
30020004	image/Icon/Item/30020003.png	记牌器(天)	5	0	0	0	0	1	1	可查看其他玩家已打出的牌	86400	3	0	1	0	1	天	2	0	0
30020005	image/Icon/Item/30020005.png	补签卡	6	0	0	0	0	0	1	可在每日登录礼包进行补签	0	0	0	1	1	2	个	1	llcustom@dailyreward_ui	0
30030000	image/Icon/Item/30030000.png	TDT初赛门票	6	0	110010	0	0	0	1	TDT初赛门票	1573984800	0	0	2	0	2	张	1	llcustom@tdtmatch_ui	0
30030001	image/Icon/Item/30030001.png	TDT复赛门票	6	0	110011	0	0	0	1	TDT复赛门票	1574006399	0	0	2	0	2	张	1	llcustom@tdtmatch_ui	0
30030002	image/Icon/Item/30030002.png	TDT资格赛门票	6	0	110012	0	0	0	1	TDT资格赛门票	1574092799	0	0	2	0	2	张	1	llcustom@tdtmatch_ui	0
30030003	image/Icon/Item/30030003.png	TDT线下决赛门票	6	0	0	0	0	0	1	请于11月24号前激活TDT总决赛参赛资格	1574611199	0	0	2	0	2	张	1	llcustom@activate_TDT_Ticket	0
30030004	image/Icon/Item/30030003.png	TDT线下决赛门票	6	0	0	0	0	0	1	请于11月24号前激活TDT总决赛参赛资格	1574611199	0	0	2	0	2	张	1	llcustom@show_TDT_Offer	0
31000000	image/Icon/Item/31000000.png	宝箱	10	0	0	0	0	0	1	宝箱，用于打包物品，前台用到	0	0	0	0	0	1	个	1	0	0
31000003	image/Icon/Item/31000003.png	钻石礼包	36	0	0	0	0	1	1	开启钻石礼包必得钻石奖励	86400	0	0	1	0	0	个	2	0	0
31000004	image/Icon/Item/31000004.png	明日礼包	36	0	0	0	0	1	1	开启神秘礼包随机获得钻石、欢乐豆、道具等奖励	86400	0	0	1	0	0	个	2	0	0
40000001	image/Icon/Item/40000001.png	豆	29	0	1	0	0	0	1	土豆黄豆全是豆，比不上我们的欢乐豆！	0	0	0	0	0	1	豆	1	0	0
40000010	image/Icon/Item/40000010.png	钻	30	0	1	0	0	0	1	钻石钻石亮晶晶，闪闪亮的钻石可以用来兑换各种神奇的东西哟~	0	0	0	0	0	1	钻	1	0	0
40000020	image/Icon/ItemExchange/40000020.png	Q币	33	0	1	0	0	0	1	腾讯游戏的通用货币，价值非常高哦	0	0	0	0	0	1	个	1	0	0
10000000	image/Icon/Item/10000000.png	小志	28	0	0	0	0	1	1	对斗地主有着异于常人的热情和实力，只有了解的人才会懂	0	0	0	0	0	1	个	1	0	0
10010000	image/Icon/Item/10010000.png	小燕	28	0	0	0	0	1	1	天生好运，却散发着满满的呆萌气的女孩，把把王炸，只能说天然呆的人往往比较幸运	0	0	0	0	0	1	个	1	0	0
10020000	image/Icon/Item/10020000.png	贝儿	28	0	0	0	0	1	1	别看我萌萌哒，一直保持连胜的话，我可是会变出爱心的哟！唔，要吃糖吗？	0	0	0	0	0	1	个	1	0	0
10030000	image/Icon/Item/10030000.png	卡神	28	0	0	0	0	1	1	财富对我而言，不过是数字而已，真正吸引我的，是明牌翻倍时把对手一盘倾囊的爽快！	0	0	0	0	0	1	个	1	0	0
10040000	image/Icon/Item/10040000.png	艾琳娜	28	0	0	0	0	1	1	别以为千金小姐只会花钱，抓准时机加大回报才是我最擅长的，包括分数！	0	0	0	0	0	1	个	1	0	0
10050000	image/Icon/Item/10050000.png	直树	28	0	0	0	0	1	1	物竞天择，适者生存	0	0	0	0	0	1	个	1	0	0
12000000	image/Icon/Item/12000000.png	牛小妞	28	0	0	0	0	1	1	明明靠脸就行，她还拥有惊人的算牌能力！在斗牛的世界里，技艺无人能敌！	0	0	0	0	0	1	个	1	0	0
12010000	image/Icon/Item/12010000.png	铃兰	28	0	0	0	0	1	1	乐观积极，莞尔一笑迷倒万千对手，打牌手风极顺，造就好心情+好牌的完美角色	0	0	0	0	0	1	个	1	0	0
12020000	image/Icon/Item/12020000.png	乔叔	28	0	0	0	0	1	1	大叔气质，机智爽朗。名副其实的算牌高手，有着过目不忘的本领。	0	0	0	0	0	1	个	1	0	0
12030000	image/Icon/Item/12030000.png	凯蒂	28	0	0	0	0	1	1	有内涵，有故事的女人，温柔体贴，蕙质兰心。打牌不靠牌运只看气质	0	0	0	0	0	1	个	1	0	0
10140000	image/Icon/Item/10140000.png	晓谦	28	0	0	0	0	1	1	真正震撼人心的魔术，往往不需要太困难的手法！	0	0	0	0	0	1	个	1	0	0
10150000	image/Icon/Item/10150000.png	发哥	28	0	0	0	0	1	1	我不是要证明我了不起，我是要别人知道，我失去的东西我一定要亲手拿回来。	0	0	0	0	0	0	个	1	0	0
10160000	image/Icon/Item/10160000.png	赛罗	28	0	0	0	0	1	1	我不是别人的影子，我本就是最伟大的绿茵王者！	0	0	0	0	0	1	个	1	0	0
10170000	image/Icon/Item/10170000.png	涛涛	28	0	0	0	0	1	1	我在牌局中一样是是游泳健将，争分夺秒，勇争第一	0	0	0	0	0	0	个	1	0	0
10180000	image/Icon/Item/10180000.png	财神	28	0	0	0	0	1	1	财神爷爷不姓财，装满财宝等你来，炸弹一出好运到，新年财运滚滚来！	0	0	0	0	0	0	个	1	0	0
12040000	image/Icon/Item/12040000.png	双笙	28	0	0	0	0	1	1	冰雪聪明，亮还是不亮，炸还是不炸，得失几何，关键时刻当机立断，让您感受双笙的智慧！	0	0	0	0	0	0	个	1	0	0
10190000	image/Icon/Item/10190000.png	福尔摩汪	28	0	0	0	0	1	1	真相只有一个，看我神机妙算破解迷案~	0	0	0	0	0	0	个	1	0	0
10200000	image/Icon/Item/10200000.png	貂蝉	28	0	0	0	0	1	1	美貌只是我的武器之一，得分加倍才是真正的绝招！	0	0	0	0	0	0	个	1	0	0
10240000	image/Icon/Item/10240000.png	皮格超人	28	0	0	0	0	1	1	福尔摩汪的好兄弟，拯救世界的猪猪超人	0	0	0	0	0	0	个	1	0	0
70000000	image/Icon/Item/70000000.png	一袋欢乐豆	29	0	0	0	0	0	1	打包的一袋欢乐豆	0	0	0	0	0	1	个	1	0	0
70000001	image/Icon/Item/70000001.png	一袋钻石	30	0	0	0	0	0	1	打包的一袋钻石	0	0	0	0	0	1	个	1	0	0
70000002	image/Icon/Item/70000002.png	3颗钻石	30	0	0	0	0	0	1	打包的一袋钻石	0	0	0	0	0	1	个	1	0	0
30030900	image/Icon/Item/30030900.png	10元话费赛门票	6	0	313200	0	0	0	1	可用于报名10元话费赛	0	0	0	2	3	2	张	1	llcustom@selectroom_ui~3,0	0
30030901	image/Icon/Item/30030900.png	30元话费赛门票	6	0	313201	0	0	0	1	可用于报名30元话费赛	0	0	0	2	3	2	张	1	llcustom@selectroom_ui~3,0	0
30030902	image/Icon/Item/30030900.png	50元话费赛门票	6	0	313202	0	0	0	1	可用于报名50元话费赛	0	0	0	2	3	2	张	1	llcustom@selectroom_ui~3,0	0
30030903	image/Icon/Item/30030900.png	1元话费赛门票	6	0	313203	0	0	0	1	可用于报名1元话费赛	1609430399	0	0	2	3	2	张	1	llcustom@selectroom_ui~3,0	0
30030904	image/Icon/Item/30030900.png	100元话费赛门票	6	0	313203	0	0	0	1	可用于报名100元话费赛	1577807999	0	0	2	3	2	张	1	llcustom@selectroom_ui~3,0	0
30030922	image/Icon/Item/30030924.png	2万豆极速赛门票	6	0	413207	0	0	0	1	可用于报名2万豆极速赛	1609430399	0	0	2	3	2	张	1	llcustom@selectroom_ui~3,1	0
30030923	image/Icon/Item/30030924.png	10万豆疯抢赛门票	6	0	413218	0	0	0	1	可用于报名10万豆疯抢赛	0	0	0	2	3	2	张	1	llcustom@selectroom_ui~3,1	0
30030924	image/Icon/Item/30030924.png	50万豆争夺赛门票	6	0	413219	0	0	0	1	可用于报名50万豆争夺赛	0	0	0	2	3	2	张	1	llcustom@selectroom_ui~3,1	0
30030925	image/Icon/Item/30030924.png	百万豆狂欢赛门票	6	0	413220	0	0	0	1	可用于报名100万豆狂欢赛	0	0	0	2	3	2	张	1	llcustom@selectroom_ui~3,1	0
30030926	image/Icon/Item/30030902.png	Ipadmini2赛门票	6	0	413223	0	0	0	1	可用于报名Ipadmini2争霸赛	0	0	0	2	0	2	张	1	llcustom@match_ui~4	0
30030927	image/Icon/Item/30030927.png	Q币赛门票	6	0	414001	0	0	0	1	可用于报名Q币赛	1498838400	0	0	2	0	2	张	1	llcustom@match_ui~4	0
30030928	image/Icon/Item/30030003.png	TGA初赛门票	6	0	413700	0	0	0	1	可用于报名TGA初赛	1467302400	0	0	2	0	2	张	1	llcustom@match_ui~4	0
30030929	image/Icon/Item/30030003.png	TGA复赛门票	6	0	413701	0	0	0	1	可用于报名TGA复赛	1467302400	0	0	2	0	2	张	1	llcustom@match_ui~4	0
30030930	image/Icon/Item/30030003.png	TGA决赛门票	6	0	413702	0	0	0	1	可用于报名TGA决赛	1467302400	0	0	2	0	2	张	1	llcustom@match_ui~4	0
30030931	image/Icon/Item/30030003.png	TGA线下赛门票	7	0	0	0	0	0	1	可用于报名TGA线下赛	0	0	0	2	0	2	张	1	llcustom@match_ui~4	0
30030933	image/Icon/Item/30030005.png	王者赛复赛门票	6	0	313228	0	0	0	1	可用于报名王者赛复赛	1476979200	0	0	2	3	2	张	1	llcustom@match_ui~4	0
30030934	image/Icon/Item/30030006.png	王者赛决赛门票	6	0	313229	0	0	0	1	可用于报名王者赛决赛	1476979200	0	0	2	3	2	张	1	llcustom@match_ui~4	0
30030939	image/Icon/Item/30030939.png	话费回馈赛门票	6	0	0	0	0	0	1	可用于报名福利模式中的话费回馈赛	1498838399	0	0	2	0	2	张	1	llcustom@selectroom_ui~3,2	0
30030940	image/Icon/Item/30030940.png	新春回馈赛门票	6	0	0	0	0	0	1	可用于报名iPhone7回馈赛和100元京东购物卡赛	1486746000	0	0	2	0	2	张	1	llcustom@match_ui~4	0
30030941	image/Icon/Item/30030941.png	黄金金条赛门票	6	0	0	0	0	0	1	可用于报名黄金金条赛	1582905599	0	0	0	0	2	张	1	llcustom@match_ui~4	0
30030943	image/Icon/Item/30030941.png	实物赛初赛门票	6	0	0	0	0	0	1	可用于报名实物赛初赛	1582905599	0	0	0	0	2	张	1	llcustom@match_ui~4	0
30030944	image/Icon/Item/30030941.png	实物赛决赛门票	6	0	0	0	0	0	1	可用于报名实物赛决赛	1582905599	0	0	2	0	2	张	1	llcustom@match_ui~4	0
30030946	image/Icon/Item/30030940.png	欢乐赛初赛门票	6	0	0	0	0	0	1	可报名Q币赛	1544198399	0	0	2	0	2	张	1	llcustom@selectroom_ui~3,3	0
30030947	image/Icon/Item/30030940.png	欢乐赛复赛门票	6	0	0	0	0	0	1	可报名Q币赛	1544371199	0	0	2	0	2	张	1	llcustom@selectroom_ui~3,3	0
30030948	image/Icon/Item/30030940.png	欢乐赛决赛门票	6	0	0	0	0	0	1	可报名Q币赛	1544457599	0	0	2	0	2	张	1	llcustom@selectroom_ui~3,3	0
30040000	image/Icon/ItemExchange/70010000.png	10元话费券	7	0	0	0	0	0	1	可用2张领取20元话费	0	0	0	3	0	2	张	1	0	0
30040001	image/Icon/ItemExchange/70010001.png	30元话费券	7	0	0	0	0	0	1	可领取30元话费	0	0	0	3	0	2	张	1	0	0
30040002	image/Icon/ItemExchange/70010002.png	50元话费券	7	0	0	0	0	0	1	可领取50元话费	0	0	0	3	0	2	张	1	0	0
30040003	image/Icon/Item/30040003.png	OPPOK5手机券	7	0	0	0	0	0	1	可前往领奖中心领取OPPOK5手机券	2592000	0	0	3	0	0	个	1	llcustom@welfare_exchange~6	0
30040031	image/Icon/Item/30040031.png	iPadmini券	7	0	0	0	0	0	1	可前往领奖中心领取iPadmini平板电脑	2592000	0	0	3	0	0	张	1	llcustom@welfare_exchange~6	0
30040034	image/Icon/Item/30040024.png	50元购物卡券	7	0	0	0	0	0	1	可前往领奖中心兑换获得50元京东购物卡卡密	2592000	0	0	3	0	2	张	1	llcustom@welfare_exchange~6	0
30040035	image/Icon/Item/30040024.png	100元购物卡券	7	0	0	0	0	0	1	可前往领奖中心兑换获得100元京东购物卡卡密	2592000	0	0	3	0	2	张	1	llcustom@welfare_exchange~6	0
30040036	image/Icon/Item/30040024.png	300元购物卡券	7	0	0	0	0	0	1	可前往领奖中心兑换获得300元京东购物卡卡密	2592000	0	0	3	0	2	张	1	llcustom@welfare_exchange~6	0
30040037	image/Icon/Item/30040024.png	500元购物卡券	7	0	0	0	0	0	1	可前往领奖中心兑换获得500元京东购物卡卡密	2592000	0	0	3	0	2	张	1	llcustom@welfare_exchange~6	0
30040048	image/Icon/Item/300400489.png	黄金转运珠券	7	0	0	0	0	0	1	可领取黄金转运珠	1593446400	0	0	3	0	0	个	1	llcustom@welfare_exchange~6	0
30040049	image/Icon/Item/300400499.png	黄金手链券	7	0	0	0	0	0	1	可领取黄金手链	1572537599	0	0	3	0	0	个	1	llcustom@welfare_exchange~6	0
30040054	image/Icon/Item/30040054.png	1元话费卡	7	0	0	0	0	0	1	可领取1元话费，不支持广东和湖北联通充值	1577807999	0	0	3	0	2	张	1	llcustom@welfare_exchange~1	0
30040055	image/Icon/Item/30040055.png	10元话费卡	7	0	0	0	0	0	1	可领取10元话费(不支持广东联通)，或用2张领取20元话费	1577807999	0	0	3	0	2	张	1	llcustom@welfare_exchange~1	0
30040056	image/Icon/Item/30040056.png	30元话费卡	7	0	0	0	0	0	1	可领取30元话费	1577807999	0	0	3	0	2	张	1	llcustom@welfare_exchange~1	0
30040057	image/Icon/Item/30040057.png	50元话费卡	7	0	0	0	0	0	1	可领取50元话费	1577807999	0	0	3	0	2	张	1	llcustom@welfare_exchange~1	0
30040059	image/Icon/Item/300400591.png	黄金吊坠券	7	0	0	0	0	0	1	可领取生肖猪黄金吊坠	1579103999	0	0	0	0	0	个	1	0	0
30040084	image/Icon/Item/30040084.png	罗技键鼠套卡	7	0	0	0	0	0	1	可前往领奖中心领取罗技（Logitech）MK270无线光电键鼠套装	1577808000	0	0	3	0	0	个	1	llcustom@welfare_exchange~6	0
30040085	image/Icon/Item/30040085.png	黄金转运珠卡(无用)	7	0	0	0	0	0	1	可前往领奖中心周大福转运珠足金黄金吊坠	1577721600	0	0	3	0	0	个	1	llcustom@welfare_exchange~6	0
30040086	image/Icon/Item/30040086.png	OPPOr17手机券	7	0	0	0	0	0	1	可前往领奖中心领取OPPOr17手机	1577807999	0	0	3	0	0	个	1	llcustom@welfare_exchange~6	0
30040087	image/Icon/Item/30040087.png	VIVOX23手机券	7	0	0	0	0	0	1	可前往领奖中心领取VIVOX23手机	1577808000	0	0	3	0	0	个	1	llcustom@welfare_exchange~6	0
30040088	image/Icon/Item/300400881.png	vivoZ5x手机券	7	0	0	0	0	0	1	可前往领奖中心领取VIVOZ5x手机	1575129600	0	0	3	0	0	个	1	llcustom@welfare_exchange~6	0
30040090	image/Icon/Item/30040090.png	黄金金条券(5克)	7	0	0	0	0	0	1	可前往领奖中心领取5克黄金金条	2592000	0	0	3	0	2	个	1	llcustom@welfare_exchange~6	0
30040091	image/Icon/Item/30040090.png	黄金金条券(3克)	7	0	0	0	0	0	1	可前往领奖中心领取3克黄金金条	2592000	0	0	3	0	2	个	1	llcustom@welfare_exchange~6	0
30040092	image/Icon/Item/30040090.png	黄金金条券(2克)	7	0	0	0	0	0	1	可前往领奖中心领取2克黄金金条	2592000	0	0	3	0	2	个	1	llcustom@welfare_exchange~6	0
30040093	image/Icon/Item/30040090.png	黄金金条券(1克)	7	0	0	0	0	0	1	可前往领奖中心领取1克黄金金条	2592000	0	0	3	0	2	个	1	llcustom@welfare_exchange~6	0
30040096	image/Icon/Item/300400962.png	5元话费卡	7	0	0	0	0	0	1	可领取5元话费	2592000	0	0	3	0	2	张	1	llcustom@welfare_exchange~1	0
30040097	image/Icon/Item/30040054.png	1元话费卡	7	0	0	0	0	0	1	可领取1元话费，不支持广东和湖北联通充值	2592000	0	0	3	0	2	张	1	llcustom@welfare_exchange~1	0
30040098	image/Icon/Item/30040055.png	10元话费卡	7	0	0	0	0	0	1	可领取10元话费(不支持广东联通)，或用2张领取20元话费	2592000	0	0	3	0	2	张	1	llcustom@welfare_exchange~1	0
30040099	image/Icon/Item/30040056.png	30元话费卡	7	0	0	0	0	0	1	可领取30元话费	3888000	0	0	3	0	2	张	1	llcustom@welfare_exchange~1	0
30040100	image/Icon/Item/30040057.png	50元话费卡	7	0	0	0	0	0	1	可领取50元话费	3888000	0	0	3	0	2	张	1	llcustom@welfare_exchange~1	0
30040101	image/Icon/Item/30040101.png	鼠年黄金吊坠券	7	0	0	0	0	0	1	可领取鼠年黄金吊坠	1585670399	0	0	3	0	0	个	1	0	0
30040103	image/Icon/Item/300401031.png	五星酒店住宿券	7	0	0	0	0	0	1	可前往福利中心兑换四川成都英格迪/洲际酒店1晚免费住宿权益	1585670399	0	0	3	0	0	个	1	0	0
32000000	image/Icon/SceneUI/aSceneBg_531050000.png	欢乐城市花园	35	0	0	0	image/SceneUI/aSceneBg_531050000.png	1	1	场景「欢乐城市花园」，使用后可替换游戏场景	0	0	0	4	0	2	天	1	0	image/CCB/CCBEffect/beijing_chunjie_mobile.ccbi
32000010	image/Icon/SceneUI/aSceneBg_32000010.png	黄昏漓江(天)	35	0	0	0	image/SceneUI/aSceneBg_32000010.png	1	1	场景「黄昏漓江」，使用后可替换游戏场景	86400	0	0	4	0	2	天	1	0	image/CCB/CCBEffect/beijing_banwan.ccbi
32000019	image/Icon/SceneUI/aSceneBg_32000019.png	福鼠闹新春(天)	35	0	0	0	image/SceneUI/aSceneBg_32000019.png	1	1	场景「福鼠闹新春」，使用后可替换游戏场景	86400	0	0	4	0	2	天	1	0	image/CCB/CCBEffect/beijing_shunianchunjie.ccbi
32000024	image/Icon/SceneUI/aSceneBg_32000024.png	暖冬落日(天)	35	0	0	0	image/SceneUI/aSceneBg_32000024.png	1	1	场景「暖冬落日」，使用后可替换游戏场景	86400	0	0	4	0	2	天	1	0	image/CCB/CCBEffect/beijing_beioudongri.ccbi
32000009	image/Icon/SceneUI/aSceneBg_32000009.png	珞珈情缘(天)	35	0	0	0	image/SceneUI/aSceneBg_32000009.png	1	1	场景「珞珈情缘」，使用后可替换游戏场景	86400	0	0	4	0	2	天	1	0	image/CCB/CCBEffect/beijing_spring.ccbi
32000011	image/Icon/SceneUI/aSceneBg_32000011.png	梦想绿茵(天)	35	0	0	0	image/SceneUI/aSceneBg_32000011.png	1	1	场景「梦想绿茵」，使用后可替换游戏场景	86400	0	0	4	0	2	天	1	0	image/CCB/CCBEffect/beijing_OZB.ccbi
32000003	image/Icon/SceneUI/aSceneBg_531050004.png	闲情逸致(天)	35	0	0	0	image/SceneUI/aSceneBg_531050004.png	1	1	场景「闲情逸致」，使用后可替换游戏场景	86400	0	0	4	0	2	天	1	0	0
32000005	image/Icon/SceneUI/aSceneBg_531050006.png	春风和煦(天)	35	0	0	0	image/SceneUI/aSceneBg_531050006.png	1	1	场景「春风和煦」，使用后可替换游戏场景	86400	0	0	4	0	2	天	1	0	0
32000007	image/Icon/SceneUI/aSceneBg_531050015.png	闲暇小憩(天)	35	0	0	0	image/SceneUI/aSceneBg_531050015.png	1	1	场景「闲暇小憩」，使用后可替换游戏场景	86400	0	0	4	0	2	天	1	0	0
32000015	image/Icon/SceneUI/aSceneBg_32000015.png	南山公园(天)	35	0	0	0	image/SceneUI/aSceneBg_32000015.png	1	1	场景「南山公园」，使用后可替换游戏场景	86400	0	0	4	0	2	天	1	0	0
32000016	image/Icon/SceneUI/aSceneBg_32000016.png	碧海蓝天	35	0	0	0	image/SceneUI/aSceneBg_32000016.png	1	1	场景「碧海蓝天」，使用后可替换游戏场景	86400	0	0	4	0	2	天	1	0	0
32000017	image/Icon/SceneUI/aSceneBg_32000017.png	相伴十年	35	0	0	0	image/SceneUI/aSceneBg_32000017.png	1	1	场景「相伴十年」，使用后可替换游戏场景	86400	0	0	4	0	2	天	1	0	0
32000021	image/Icon/SceneUI/aSceneBg_32000021.png	智者为王(天)	35	0	0	0	image/SceneUI/aSceneBg_32000021.png	1	1	场景「智者为王」，使用后可替换游戏场景	86400	0	0	4	0	2	天	1	0	image/CCB/CCBEffect/beijing_saishiduiju.ccbi
32000022	image/Icon/SceneUI/aSceneBg_32000022.png	全新远景(天)	35	0	0	0	image/SceneUI/aSceneBg_32000022.png	1	1	场景「全新远景」，使用后可替换游戏场景	86400	0	0	4	0	2	天	1	0	image/CCB/CCBEffect/beijing_jiliqiche.ccbi
32000023	image/Icon/SceneUI/aSceneBg_32000023.png	欢乐列车(天)	35	0	0	0	image/SceneUI/aSceneBg_32000023.png	1	1	场景「欢乐列车」，使用后可替换游戏场景	86400	0	0	4	0	2	天	1	0	image/CCB/CCBEffect/beijing_11zhounian.ccbi
32000025	image/Icon/SceneUI/aSceneBg_32000025.png	斗神降临	35	0	0	0	image/SceneUI/aSceneBg_32000025.png	1	1	场景「斗神降临」，使用后可替换游戏场景	86400	0	0	4	0	2	天	1	0	image/CCB/CCBEffect/beijing_jingjichang.ccbi
32000030	image/Icon/SceneUI/aSceneBg_32000030.png	深秋公寓(天)	35	0	0	0	image/SceneUI/aSceneBg_32000030.png	1	1	场景「深秋公寓」，使用后可替换游戏场景	86400	0	0	4	0	2	天	1	0	image/CCB/CCBEffect/beijing_aiqinggongyu.ccbi
32000031	image/Icon/SceneUI/aSceneBg_32000031.png	欢乐飞艇(天）	35	0	0	0	image/SceneUI/aSceneBg_32000031.png	1	1	场景「欢乐飞艇」，使用后可替换游戏场景	86400	0	0	4	0	2	天	1	0	image/CCB/CCBEffect/beijing_reqiqiu.ccbi
32000034	image/Icon/SceneUI/aSceneBg_32000034.png	欢乐魔术秀(天)	35	0	0	0	image/SceneUI/aSceneBg_32000034.png	1	1	场景「欢乐魔术秀」，使用后可替换游戏场景	86400	0	0	4	0	2	天	1	0	image/CCB/CCBEffect/13znq_BG.ccbi
32000035	image/Icon/SceneUI/aSceneBg_32000034.png	欢乐魔术秀	35	0	0	0	image/SceneUI/aSceneBg_32000034.png	1	1	场景「欢乐魔术秀」，使用后可替换游戏场景	0	0	0	4	0	2	个	1	0	image/CCB/CCBEffect/13znq_BG.ccbi
80000000	image/Icon/Item/80000000.png	冲分神器	10	0	0	0	0	0	1	内含5个得分加成和10个超级加倍，竞技模式冲分必备！	0	0	0	0	0	0	个	1	0	0
80000002	image/Icon/Item/80000002.png	竞技到底	10	0	0	0	0	0	1	内含3个爱心和4个得分加成	0	0	0	0	0	0	个	1	0	0
33000000	image/Icon/Item/33000000.png	福卡	20	0	0	0	0	0	1	在【领奖中心】免费夺宝、换取奖品！福气多多，幸运多多！	0	0	0	0	0	0	张	1	llcustom@welfare_ui	0
34000000	image/Icon/Item/34000000.png	鸡腿子	4	0	0	0	0	0	1	据说这个鸡腿子天然自带每局必输的debuff...	1505404800	0	0	1	0	0	个	1	0	0
34000001	image/Icon/Item/34000001.png	肉包子	4	0	0	0	0	0	1	打狗有奇效	1505404800	0	0	1	0	0	个	1	0	0
34000002	image/Icon/Item/34000002.png	国外的大饼子	4	0	0	0	0	0	1	听说这种大饼子有一个很洋气的音译名，屁砸！	1505404800	0	0	1	0	0	个	1	0	0
34000003	image/Icon/Item/34000003.png	火腿肠	4	0	0	0	0	0	1	周年庆活动掉落，可在活动中心兑换欢乐豆场景等道具	1512662400	0	0	1	0	2	个	1	llcustom@activity_ui~1,331	0
80000004	image/Icon/Item/80000004.png	每周任务礼盒	10	0	0	0	0	0	1	内含5000豆和周末奖券x2（周末抽奖最高可得周大福黄金！）	0	0	0	0	0	0	个	1	0	0
34000004	image/Icon/Item/34000004.png	绅士领结	4	0	0	0	0	0	1	男神节活动道具，可在活动中心兑换欢乐豆或话费卡等道具	1510761600	0	0	1	0	2	个	1	0	0
35000000	image/Icon/Item/35000000.png	百钻感恩卡(天)	10	0	0	0	0	1	1	凭该卡每天可在活动中心领取3000豆和记牌器1天	86400	0	0	1	0	1	天	2	0	0
35000001	image/Icon/Item/35000001.png	感恩礼盒	10	0	0	0	0	0	1	立即获得27.6w豆和88福卡，并连续22天每天可领3000豆和记牌器1天	0	0	0	0	0	1	个	1	0	0
35000002	image/Icon/Item/35000002.png	钻石感恩卡(天)	10	0	0	0	0	1	1	凭该卡每天可在活动中心领取1500豆和超级加倍x3	86400	0	0	1	0	1	天	2	0	0
35000003	image/Icon/Item/35000003.png	钻石感恩礼盒	10	0	0	0	0	0	1	立即获得3.6w豆和10福卡，并连续7天每天可领1500豆和超级加倍x3	0	0	0	0	0	1	个	1	0	0
35000004	image/Icon/Item/35000004.png	感恩祝福卡(天)	10	0	0	0	0	1	1	凭该卡每天可在活动中心领取500豆和记牌器（局）x2	86400	0	0	1	0	1	天	2	0	0
35000005	image/Icon/Item/35000005.png	感恩祝福礼盒	10	0	0	0	0	0	1	感恩祝福礼盒	0	0	0	0	0	1	个	1	0	0
34000006	image/Icon/Item/34000006.png	欢乐豆种子	4	0	0	0	0	0	1	12.1~12.7可凭种子在活动中心领取欢乐豆	1553875200	0	0	1	0	0	个	1	0	0
35000006	image/Icon/Item/35000006.png	周末感恩卡(天)	10	0	0	0	0	1	1	凭该卡每天可在【活动】领取1666豆、记牌器x2、超级加倍x2	86400	0	0	1	0	1	天	2	0	0
35000007	image/Icon/Item/35000007.png	周末特惠礼	10	0	0	0	0	0	1	获得9.9万豆、周末抽奖券x1，并连续7天每天可领2500豆、记牌器x6、超级加倍x3	0	0	0	0	0	1	个	1	0	0
34000007	image/Icon/Item/34000007.png	五一抽奖券	4	0	0	0	0	0	1	用于参加劳动节抽奖活动，奖池在4.29~5.1期间开启，奖券于5.2失效。	1525190400	0	0	1	0	2	个	1	0	0
34000008	image/Icon/Item/34000008.png	新年抽奖券	4	0	0	0	0	0	1	用于参加12.30~1.1新年抽奖活动，超多豪礼等着你呢！	1546358400	0	0	1	0	2	个	1	0	0
35000008	image/Icon/Item/35000008.png	新年感恩卡(天)	10	0	0	0	0	1	1	凭该卡每天可在【活动】领取2018豆、超级加倍x2	86400	0	0	1	0	1	天	2	0	0
35000009	image/Icon/Item/35000009.png	新年礼包	10	0	0	0	0	0	1	内含价值18钻新场景8天、奖券1张、并连续6天每天可领2018豆、超级加倍x2	0	0	0	0	0	1	个	1	0	0
35000010	image/Icon/Item/35000010.png	发财福袋	10	0	0	0	0	0	1	新年超值回馈！多送68%豆子，加送福卡x2018和新年奖券x8！	0	0	0	0	0	1	个	1	0	0
34000009	image/Icon/Item/34000009.png	周末抽奖券	4	0	0	0	0	0	1	用于参加周六、周日抽奖，获取后需2020年3月30日前使用，过期作废。	1585497600	0	0	1	0	1	张	1	0	0
34000010	image/Icon/Item/34000010.png	春节奖券	4	0	0	0	0	0	1	用于参加1.24~1.31春节抽奖，获取后需2月1日之前使用，过期作废。	1580486400	0	0	1	0	1	张	1	0	0
35000014	image/Icon/Item/35000014.png	浪漫感恩卡(天)	10	0	0	0	0	1	1	凭该卡每天可在【活动】领取8888豆、记牌器1天、超级加倍x5	86400	0	0	1	0	1	天	2	0	0
35000015	image/Icon/Item/35000015.png	天天发财(总价值66万豆)	10	0	0	0	0	0	1	立得8.8万豆，188张福卡。连续15天每天得8888豆、超级加倍x5、记牌器1天	0	0	0	0	0	1	个	1	0	0
35000016	image/Icon/Item/35000016.png	经验大餐（总经验上万）	10	0	0	0	0	0	1	立得三阶经验道具18个，记牌器18个，得分加成18个。	0	0	0	0	0	0	个	1	0	0
80000005	image/Icon/Item/80000005.png	豆和抽奖券	10	0	0	0	0	0	1	内含1000豆和1张周末抽奖券（周末抽奖最高可得周大福黄金！）	0	0	0	0	0	0	个	1	0	0
80000006	image/Icon/Item/80000006.png	记牌器和抽奖券	10	0	0	0	0	0	1	内含记牌器(2天)和1张周末抽奖券（周末抽奖最高可得周大福黄金！）	0	0	0	0	0	0	个	1	0	0
80000007	image/Icon/Item/35000015.png	新年礼盒	10	0	0	0	0	0	1	立得328万豆（多送36%）！及福卡x2019，记牌器x7天以及2019加油GO头像框。	0	0	0	0	0	0	个	1	0	0
80000008	image/Icon/Item/35000015.png	新年礼盒	10	0	0	0	0	0	1	立得96.6万豆（多送46%）！及福卡x666，记牌器x6天。	0	0	0	0	0	0	个	1	0	0
32010000	image/Icon/HeadFrame/32010000.png	默认头像框	38	0	0	0	0	1	1	所有玩家默认头像框	0	0	0	6	0	2	天	1	0	0
32010001	image/Icon/HeadFrame/32010001.png	排位萌新(天)	38	0	0	0	0	0	1	排位新手的象征，超萌的你配上超萌的TA！	86400	0	0	6	0	2	天	1	llcustom@bag_ui~6	0
32010002	image/Icon/HeadFrame/32010002.png	斗王之王	38	0	0	0	0	1	1	斗神才有资格拥有，排位之王的象征！通过活动限时获得	0	0	0	6	0	2	个	1	llcustom@bag_ui~6	0
32010003	image/Icon/HeadFrame/32010003.png	排位大神(天)	38	0	0	0	0	0	1	有了它证明你离斗神又近了一步哦！通过活动限时获得	86400	0	0	6	0	2	天	1	llcustom@bag_ui~6	0
32010004	image/Icon/HeadFrame/32010004.png	财运滚滚(天)	38	0	0	0	0	0	1	财神专属头像框，有了它包你财运滚滚来！通过活动限时获得	86400	0	0	6	0	2	天	1	llcustom@bag_ui~6	0
32010035	image/Icon/HeadFrame/32010004.png	财运滚滚	38	0	0	0	0	1	1	财神专属头像框，有了它包你财运滚滚来！通过活动限时获得	0	0	0	6	0	2	天	1	llcustom@bag_ui~6	0
32010005	image/Icon/HeadFrame/32010005.png	睿智神探(天)	38	0	0	0	0	0	1	福尔摩汪专属头像框，神探智慧的象征！通过活动限时获得	86400	0	0	6	0	2	天	1	llcustom@bag_ui~6	0
32010006	image/Icon/HeadFrame/32010006.png	汪年旺旺	38	0	0	0	0	0	1	狗年专属头像框，带着它一定狗年大吉旺旺旺！活动限时获得	86400	0	0	6	0	2	天	1	llcustom@bag_ui~6	0
32010007	image/Icon/HeadFrame/32010005.png	睿智神探	38	0	0	0	0	1	1	福尔摩汪专属头像框(永久)，神探的象征、智慧的象征！	0	0	0	6	0	2	天	1	llcustom@bag_ui~6	0
32010008	image/Icon/HeadFrame/32010001.png	排位萌新	38	0	0	0	0	1	1	排位新手的象征，超萌的你配上超萌的TA！通过活动限时获得	0	0	0	6	0	2	天	1	llcustom@bag_ui~6	0
32010009	image/Icon/HeadFrame/32010003.png	排位大神	38	0	0	0	0	1	1	有了它证明你离斗神又近了一步哦！通过活动限时获得	0	0	0	6	0	2	天	1	llcustom@bag_ui~6	0
32010010	image/Icon/HeadFrame/32010010.png	S1赛季专属	38	0	0	0	0	1	1	S1赛季专属头像框。参与排位模式的所有玩家都可获得	0	0	0	6	0	2	个	1	0	0
32010011	image/Icon/HeadFrame/32010011.png	S2赛季专属	38	0	0	0	0	1	1	S2赛季专属头像框。S2赛季黄金及以上段位玩家可获得	0	0	0	6	0	2	个	1	0	0
32010014	image/Icon/HeadFrame/32010014.png	S3赛季专属	38	0	0	0	0	1	1	S3赛季专属头像框。S3赛季黄金及以上段位玩家可获得	0	0	0	6	0	2	个	1	0	0
32010015	image/Icon/HeadFrame/32010015.png	足球荣耀	38	0	0	0	0	1	1	2018俄罗斯世界杯限定头像框（永久）	0	0	0	6	0	2	个	1	0	0
32010016	image/Icon/HeadFrame/32010016.png	粉红萌兔	38	0	0	0	0	1	1	萌兔情侣头像框，通过爱情公寓礼包一起获得	0	0	0	6	0	2	天	1	llcustom@bag_ui~6	0
32010017	image/Icon/HeadFrame/32010017.png	蔚蓝叮当	38	0	0	0	0	1	1	叮当情侣头像框，通过爱情公寓礼包一起获得	0	0	0	6	0	2	天	1	llcustom@bag_ui~6	0
32010018	image/Icon/HeadFrame/32010018.png	S4赛季专属	38	0	0	0	0	1	1	S4赛季专属头像框。S4赛季黄金及以上段位玩家可获得	0	0	0	6	0	2	个	1	0	0
32010019	image/Icon/HeadFrame/32010019.png	S5赛季专属	38	0	0	0	0	1	1	S5赛季专属头像框。S5赛季黄金及以上段位玩家可获得	0	0	0	6	0	2	个	1	0	0
32010020	image/Icon/HeadFrame/32010020.png	欢乐民生(天)	38	0	0	0	0	0	1	参加欢乐斗地主民生银行联名信用卡活动可获得	86400	0	0	6	0	2	个	1	0	0
32010021	image/Icon/HeadFrame/32010021.png	欢乐相框	38	0	0	0	0	1	1	欢乐斗地主12周年限定头像框	0	0	0	6	0	2	个	1	llcustom@bag_ui~6	0
32010023	image/Icon/HeadFrame/32010023.png	秋日枫叶(天)	38	0	0	0	0	0	1	枫叶头像框	86400	0	0	6	0	2	天	1	llcustom@bag_ui~6	0
32010027	image/Icon/HeadFrame/32010023.png	秋日枫叶	38	0	0	0	0	1	1	枫叶头像框	0	0	0	6	0	2	天	1	llcustom@bag_ui~6	0
32010032	image/Icon/HeadFrame/32010032.png	2019加油GO	38	0	0	0	0	1	1	2019年到啦！加油GoGoGo！2019年新年活动限时获得	0	0	0	6	0	2	个	1	llcustom@bag_ui~6	0
32010034	image/Icon/HeadFrame/32010034.png	S6赛季专属	38	0	0	0	0	1	1	S6赛季专属头像框。S6赛季黄金及以上段位玩家可获得	0	0	0	6	0	2	个	1	0	0
32010038	image/Icon/HeadFrame/32010038.png	2019TDT专属	38	0	0	0	0	1	1	是TDT实力的证明，只有TDT高端选手才可获得。	0	0	0	6	0	2	个	1	llcustom@bag_ui~6	0
32010039	image/Icon/HeadFrame/32010038.png	2019TDT专属(天)	38	0	0	0	0	0	1	是TDT实力的证明，只有TDT高端选手才可获得。	86400	0	0	6	0	2	天	1	llcustom@bag_ui~6	0
32010040	image/Icon/HeadFrame/32010040.png	S7赛季专属	38	0	0	0	0	1	1	S7赛季专属头像框。S7赛季黄金及以上段位玩家可获得	0	0	0	6	0	2	个	1	0	0
32010041	image/Icon/HeadFrame/32010041.png	爱的印记	38	0	0	0	0	1	1	用玫瑰做成的相框，是我们爱的印记！活动限定！	0	0	0	6	0	2	个	1	llcustom@bag_ui~6	0
32010042	image/Icon/HeadFrame/32010042.png	爱的印记(天)	38	0	0	0	0	0	1	用玫瑰做成的相框，是我们爱的印记！活动限定！	86400	0	0	6	0	2	个	1	llcustom@bag_ui~6	0
32010043	image/Icon/HeadFrame/32010043.png	好运连连	38	0	0	0	0	1	1	锦鲤附体，一不小心就人品爆棚啦！活动限定！	0	0	0	6	0	2	个	1	llcustom@bag_ui~6	0
32010044	image/Icon/HeadFrame/32010043.png	好运连连(天)	38	0	0	0	0	0	1	锦鲤附体，一不小心就人品爆棚啦！活动限定！	86400	0	0	6	0	2	个	1	llcustom@bag_ui~6	0
32010045	image/Icon/HeadFrame/32010045.png	S8赛季专属	38	0	0	0	0	1	1	S8赛季专属头像框。S8赛季黄金及以上段位玩家可获得	0	0	0	6	0	2	个	1	0	0
32010046	image/Icon/HeadFrame/32010046.png	王炸头像框	38	0	0	0	0	1	1	锦鲤附体，一不小心就人品爆棚啦！活动限定！	0	0	0	6	0	2	个	1	llcustom@bag_ui~6	0
32010047	image/Icon/HeadFrame/32010046.png	王炸头像框(天)	38	0	0	0	0	0	1	锦鲤附体，一不小心就人品爆棚啦！活动限定！	86400	0	0	6	0	2	个	1	llcustom@bag_ui~6	0
32010048	image/Icon/HeadFrame/32010048.png	欢乐马戏团	38	0	0	0	0	1	1	13周年庆限定头像框，2019年10月20日登录游戏免费领取	0	0	0	6	0	2	个	1	llcustom@bag_ui~6	0
32010049	image/Icon/HeadFrame/32010048.png	欢乐马戏团(天)	38	0	0	0	0	0	1	13周年庆限定头像框，2019年10月20日登录游戏免费领取	86400	0	0	6	0	2	个	1	llcustom@bag_ui~6	0
32010050	image/Icon/HeadFrame/32010050.png	S9赛季专属	38	0	0	0	0	1	1	S9赛季专属头像框。S9赛季黄金及以上段位玩家可获得	0	0	0	6	0	2	个	1	0	0
32010051	image/Icon/HeadFrame/32010051.png	流光金翼	38	0	0	0	0	1	1	插上金色的翅膀，你最闪亮！活动限定	0	0	0	6	0	2	个	1	llcustom@bag_ui~6	0
32010052	image/Icon/HeadFrame/32010051.png	流光金翼(天)	38	0	0	0	0	0	1	插上金色的翅膀，你最闪亮！活动限定	86400	0	0	6	0	2	个	1	llcustom@bag_ui~6	0
32010053	image/Icon/HeadFrame/32010053.png	鼠年大吉	38	0	0	0	0	1	1	鼠年专属头像框，鼠年到万事吉~2020年春节限时获得	0	0	0	6	0	2	个	1	llcustom@bag_ui~6	0
32010054	image/Icon/HeadFrame/32010053.png	鼠年大吉(天)	38	0	0	0	0	0	1	鼠年专属头像框，鼠年到万事吉~2020年春节限时获得	86400	0	0	6	0	2	个	1	llcustom@bag_ui~6	0
32010055	image/Icon/HeadFrame/32010055.png	佳节喜乐	38	0	0	0	0	1	1	新年吃汤圆啦！~2020新年活动限时获得	0	0	0	6	0	2	个	1	llcustom@bag_ui~6	0
32010056	image/Icon/HeadFrame/32010055.png	佳节喜乐(天)	38	0	0	0	0	0	1	新年吃汤圆啦！~2020新年活动限时获得	86400	0	0	6	0	2	个	1	llcustom@bag_ui~6	0
32010057	image/Icon/HeadFrame/32010057.png	S10赛季专属	38	0	0	0	0	1	1	S10赛季专属头像框。S10赛季黄金及以上段位玩家可获得	0	0	0	6	0	2	个	1	0	0
32011063	image/Icon/GameClock/32011063.png	浓情玫瑰	41	0	0	0	0	1	1	我的热情，好像一把玫瑰~	0	0	0	0	0	2	个	1	0	0
30070200	image/Icon/Item/30070200.png	30级贝儿(3局)	39	0	0	0	0	0	1	角色30级贝儿体验卡，有效期3局	0	0	0	7	0	0	个	1	0	0
30070300	image/Icon/Item/30070300.png	30级卡神(3局)	39	0	0	0	0	0	1	角色30级卡神体验卡，有效期3局	0	0	0	7	0	0	个	1	0	0
30070400	image/Icon/Item/30070400.png	40级艾琳娜(3局)	39	0	0	0	0	0	1	新春升级奖励，角色40级艾琳娜体验卡，有效期3局	0	0	0	7	0	0	个	1	0	0
30070500	image/Icon/Item/30070500.png	40级直树(3局)	39	0	0	0	0	0	1	角色40级直树体验卡，有效期3局	0	0	0	7	0	0	个	1	0	0
30070600	image/Icon/Item/30070600.png	30级牛小妞(3局)	39	0	0	0	0	0	1	角色30级牛小妞体验卡，有效期3局	0	0	0	7	0	0	个	1	0	0
30070700	image/Icon/Item/30070700.png	30级铃兰(3局)	39	0	0	0	0	0	1	角色30级铃兰体验卡，有效期3局	0	0	0	7	0	0	个	1	0	0
30071100	image/Icon/Item/30071100.png	40级晓谦(3局)	39	0	0	0	0	0	1	角色40级晓谦体验卡，有效期3局	0	0	0	7	0	0	个	1	0	0
30071200	image/Icon/Item/30071200.png	40级发哥(3局)	39	0	0	0	0	0	1	角色40级发哥体验卡，有效期3局	0	0	0	7	0	0	个	1	0	0
30071300	image/Icon/Item/30071300.png	30级赛罗(3局)	39	0	0	0	0	0	1	角色30级赛罗体验卡，有效期3局	0	0	0	7	0	0	个	1	0	0
30071400	image/Icon/Item/30071400.png	30级涛涛(3局)	39	0	0	0	0	0	1	角色30级涛涛体验卡，有效期3局	0	0	0	7	0	0	个	1	0	0
30071500	image/Icon/Item/30071500.png	40级财神(3局)	39	0	0	0	0	0	1	角色40级财神体验卡，有效期3局	0	0	0	7	0	0	个	1	0	0
30071600	image/Icon/Item/30071600.png	40级福尔摩汪(3局)	39	0	0	0	0	0	1	角色40级福尔摩汪体验卡，有效期3局	0	0	0	7	0	0	个	1	0	0
30070201	image/Icon/Item/30070200.png	30级贝儿(1天)	39	0	0	0	0	0	1	角色30级贝儿体验卡，有效期1天	0	0	0	7	0	0	个	1	0	0
30070301	image/Icon/Item/30070300.png	30级卡神(1天)	39	0	0	0	0	0	1	角色30级卡神体验卡，有效期1天	0	0	0	7	0	0	个	1	0	0
30070401	image/Icon/Item/30070400.png	40级艾琳娜(1天)	39	0	0	0	0	0	1	角色40级艾琳娜体验卡，有效期1天	0	0	0	7	0	0	个	1	0	0
30070501	image/Icon/Item/30070500.png	40级直树(1天)	39	0	0	0	0	0	1	角色40级直树体验卡，有效期1天	0	0	0	7	0	0	个	1	0	0
30070601	image/Icon/Item/30070600.png	30级牛小妞(1天)	39	0	0	0	0	0	1	角色30级牛小妞体验卡，有效期1天	0	0	0	7	0	0	个	1	0	0
30070701	image/Icon/Item/30070700.png	30级铃兰(1天)	39	0	0	0	0	0	1	角色30级铃兰体验卡，有效期1天	0	0	0	7	0	0	个	1	0	0
30071101	image/Icon/Item/30071100.png	40级晓谦(1天)	39	0	0	0	0	0	1	角色40级晓谦体验卡，有效期1天	0	0	0	7	0	0	个	1	0	0
30071201	image/Icon/Item/30071200.png	40级发哥(1天)	39	0	0	0	0	0	1	角色40级发哥体验卡，有效期1天	0	0	0	7	0	0	个	1	0	0
30071301	image/Icon/Item/30071300.png	30级赛罗(1天)	39	0	0	0	0	0	1	角色30级赛罗体验卡，有效期1天	0	0	0	7	0	0	个	1	0	0
30071401	image/Icon/Item/30071400.png	30级涛涛(1天)	39	0	0	0	0	0	1	角色30级涛涛体验卡，有效期1天	0	0	0	7	0	0	个	1	0	0
30071501	image/Icon/Item/30071500.png	40级财神(1天)	39	0	0	0	0	0	1	角色40级财神体验卡，有效期1天	0	0	0	7	0	0	个	1	0	0
30071601	image/Icon/Item/30071600.png	40级福尔摩汪(1天)	39	0	0	0	0	0	1	角色40级福尔摩汪体验卡，有效期1天	0	0	0	7	0	0	个	1	0	0
30070202	image/Icon/Item/30070200.png	60级贝儿(3局)	39	0	0	0	0	0	1	角色60级贝儿体验卡，有效期3局	0	0	0	7	0	0	个	1	0	0
30070302	image/Icon/Item/30070300.png	60级卡神(3局)	39	0	0	0	0	0	1	角色60级卡神体验卡，有效期3局	0	0	0	7	0	0	个	1	0	0
30070402	image/Icon/Item/30070400.png	80级艾琳娜(3局)	39	0	0	0	0	0	1	角色80级艾琳娜体验卡，有效期3局	0	0	0	7	0	0	个	1	0	0
30070502	image/Icon/Item/30070500.png	80级直树(3局)	39	0	0	0	0	0	1	角色80级直树体验卡，有效期3局	0	0	0	7	0	0	个	1	0	0
30070602	image/Icon/Item/30070600.png	60级牛小妞(3局)	39	0	0	0	0	0	1	角色60级牛小妞体验卡，有效期3局	0	0	0	7	0	0	个	1	0	0
30070702	image/Icon/Item/30070700.png	60级铃兰(3局)	39	0	0	0	0	0	1	角色60级铃兰体验卡，有效期3局	0	0	0	7	0	0	个	1	0	0
30071102	image/Icon/Item/30071100.png	80级晓谦(3局)	39	0	0	0	0	0	1	角色80级晓谦体验卡，有效期3局	0	0	0	7	0	0	个	1	0	0
30071202	image/Icon/Item/30071200.png	80级发哥(3局)	39	0	0	0	0	0	1	角色80级发哥体验卡，有效期3局	0	0	0	7	0	0	个	1	0	0
30071302	image/Icon/Item/30071300.png	60级赛罗(3局)	39	0	0	0	0	0	1	角色60级赛罗体验卡，有效期3局	0	0	0	7	0	0	个	1	0	0
30071402	image/Icon/Item/30071400.png	60级涛涛(3局)	39	0	0	0	0	0	1	角色60级涛涛体验卡，有效期3局	0	0	0	7	0	0	个	1	0	0
30071502	image/Icon/Item/30071500.png	80级财神(3局)	39	0	0	0	0	0	1	角色80级财神体验卡，有效期3局	0	0	0	7	0	0	个	1	0	0
30071602	image/Icon/Item/30071600.png	80级福尔摩汪(3局)	39	0	0	0	0	0	1	角色80级福尔摩汪体验卡，有效期3局	0	0	0	7	0	0	个	1	0	0
30070203	image/Icon/Item/30070200.png	60级贝儿(1天)	39	0	0	0	0	0	1	角色60级贝儿体验卡，有效期1天	0	0	0	7	0	0	个	1	0	0
30070303	image/Icon/Item/30070300.png	60级卡神(1天)	39	0	0	0	0	0	1	角色60级卡神体验卡，有效期1天	0	0	0	7	0	0	个	1	0	0
30070403	image/Icon/Item/30070400.png	80级艾琳娜(1天)	39	0	0	0	0	0	1	角色80级艾琳娜体验卡，有效期1天	0	0	0	7	0	0	个	1	0	0
30070503	image/Icon/Item/30070500.png	80级直树(1天)	39	0	0	0	0	0	1	角色80级直树体验卡，有效期1天	0	0	0	7	0	0	个	1	0	0
30070603	image/Icon/Item/30070600.png	60级牛小妞(1天)	39	0	0	0	0	0	1	角色60级牛小妞体验卡，有效期1天	0	0	0	7	0	0	个	1	0	0
30070703	image/Icon/Item/30070700.png	60级铃兰(1天)	39	0	0	0	0	0	1	角色60级铃兰体验卡，有效期1天	0	0	0	7	0	0	个	1	0	0
30071103	image/Icon/Item/30071100.png	80级晓谦(1天)	39	0	0	0	0	0	1	角色80级晓谦体验卡，有效期1天	0	0	0	7	0	0	个	1	0	0
30071104	image/Icon/Item/30071100.png	60级晓谦(1天)	39	0	0	0	0	0	1	角色60级晓谦体验卡，有效期1天	0	0	0	7	0	0	个	1	0	0
30071203	image/Icon/Item/30071200.png	80级发哥(1天)	39	0	0	0	0	0	1	角色80级发哥体验卡，有效期1天	0	0	0	7	0	0	个	1	0	0
30071303	image/Icon/Item/30071300.png	60级赛罗(1天)	39	0	0	0	0	0	1	角色60级赛罗体验卡，有效期1天	0	0	0	7	0	0	个	1	0	0
30071403	image/Icon/Item/30071400.png	60级涛涛(1天)	39	0	0	0	0	0	1	角色60级涛涛体验卡，有效期1天	0	0	0	7	0	0	个	1	0	0
30071503	image/Icon/Item/30071500.png	80级财神(1天)	39	0	0	0	0	0	1	角色80级财神体验卡，有效期1天	0	0	0	7	0	0	个	1	0	0
30071603	image/Icon/Item/30071600.png	80级福尔摩汪(1天)	39	0	0	0	0	0	1	角色80级福尔摩汪体验卡，有效期1天	0	0	0	7	0	0	个	1	0	0
30071800	image/Icon/Item/30071800.png	30级皮格超人(3局)	39	0	0	0	0	0	1	角色30级皮格超人体验卡，有效期3局	0	0	0	7	0	0	个	1	0	0
30071801	image/Icon/Item/30071800.png	30级皮格超人(1天)	39	0	0	0	0	0	1	角色30级皮格超人体验卡，有效期1天	0	0	0	7	0	0	个	1	0	0
30071802	image/Icon/Item/30071800.png	40级皮格超人(3局)	39	0	0	0	0	0	1	角色40级皮格超人体验卡，有效期3局	0	0	0	7	0	0	个	1	0	0
30071803	image/Icon/Item/30071800.png	40级皮格超人(1天)	39	0	0	0	0	0	1	角色40级皮格超人体验卡，有效期1天	0	0	0	7	0	0	个	1	0	0
30071804	image/Icon/Item/30071800.png	80级皮格超人(1天)	39	0	0	0	0	0	1	角色80级皮格超人体验卡，有效期1天	0	0	0	7	0	0	个	1	0	0
30071701	image/Icon/Item/30071700.png	40级貂蝉(1天)	39	0	0	0	0	0	1	角色40级貂蝉体验卡，有效期1天	0	0	0	7	0	0	个	1	0	0
30071702	image/Icon/Item/30071700.png	80级貂蝉(1天)	39	0	0	0	0	0	1	角色80级貂蝉体验卡，有效期1天	0	0	0	7	0	0	个	1	0	0
35000019	image/Icon/Item/35000019.png	排位抽奖券	4	0	0	0	0	0	1	凭此券可在4月2日至4月5日参加排位抽奖池的抽奖，过期失效，注意使用时间哦！~	1522943999	0	0	1	0	1	张	1	0	0
35000028	image/Icon/Item/35000028.png	排位感恩卡(天)	10	0	0	0	0	0	1	凭卡每天可在【活动】领取888豆、记牌器x1天、鸡腿3阶x2	0	0	0	1	0	1	个	1	0	0
34000014	image/Icon/Item/34000014.png	体验卡碎片	4	0	0	0	0	0	1	8月1日后【活动】中可用于兑换福尔摩汪、艾琳娜等角色体验卡，请于8月11日前使用。	1533916800	0	0	1	0	2	片	1	0	0
34000015	image/Icon/Item/34000015.png	端午节粽子	4	0	0	0	0	0	1	端午节节活动道具，在6.5-6.11期间参与粽子节抽奖活动	1560268799	0	0	1	0	2	个	1	0	0
34000016	image/Icon/Item/34000016.png	助威喇叭	4	0	0	0	0	0	1	世界杯活动道具，6.12-7.15期间可兑换角色赛罗、梦想绿荫等角色或道具	1531670400	0	0	1	0	2	个	1	llcustom@activity_ui	0
34000017	image/Icon/Item/34000007.png	主题抽奖券	4	0	0	0	0	0	1	用于参加9.3~9.9的角色奖池抽奖，奖池关闭后抽奖券作废。	1536508800	0	0	1	0	1	张	1	0	0
34000018	image/Icon/Item/34000018.png	香喷月饼	4	0	0	0	0	0	1	中秋节活动道具，可在9.21-9.26期间参与中秋抽奖活动，抽取ipadmini4、话费等奖励	1537977599	0	0	1	0	2	个	1	llcustom@activity_ui	0
34000021	image/Icon/Item/340000211.png	双旦金蛋	4	0	0	0	0	0	1	双旦活动道具，在2019.12.28-2020.1.5期间参与抽奖活动，抽取金条、话费等奖励	1578240000	0	0	1	0	2	个	1	0	0
34000023	image/Icon/Item/34000023.png	浪漫樱花	4	0	0	0	0	0	1	踏春活动道具，可在4.3-4.9期间参与新春抽奖活动，抽取手机、话费等奖励	1554825599	0	0	1	0	2	个	1	0	0
34000025	image/Icon/Item/34000025.png	秋游豆子鸡	4	0	0	0	0	0	1	金秋小长假活动道具，可在9.27-10.7期间参与金秋抽奖活动，抽取手机、话费等奖励	1570463999	0	0	1	0	2	个	1	0	0
34000026	image/Icon/Item/34000026.png	周年彩蛋	4	0	0	0	0	0	1	周年庆活动道具，可在10.20-10.21期间参与周年庆抽奖活动，抽取手机、黄金等奖励	1571673599	0	0	1	0	2	个	1	0	0
34000028	image/Icon/Item/34000028.png	感恩节烤鸡	4	0	0	0	0	0	1	感恩节活动道具，可在11.27-12.2期间参与感恩节抽奖活动，抽取购物卡、话费等奖励	1575302399	0	0	1	0	2	个	1	0	0
35000029	image/Icon/Item/35000029.png	世界杯礼盒	10	0	0	0	0	0	1	限时上架！内含限定头像框1个、36万豆和10天记牌器	1531981731	0	0	0	0	1	个	1	0	0
35000030	image/Icon/Item/35000030.png	端午礼盒	10	0	0	0	0	0	1	端午超值回馈！多送68%豆子，加送福卡x2018和周末奖券x8！	0	0	0	0	0	1	个	1	0	0
35000051	image/Icon/Item/35000026.png	百钻感恩礼盒	10	0	0	0	0	0	1	立即得18.8万豆和记牌器，连续7天每日领价值2.8万豆道具。	0	0	0	0	0	1	个	1	0	0
35000052	image/Icon/Item/35000027.png	顶级经验大餐	10	0	0	0	0	0	1	含5阶大龙虾x5、4阶大闸蟹x10、3阶煎牛排x20。共7万经验。	0	0	0	0	0	1	个	1	0	0
35000053	image/Icon/Item/35000053.png	情人节浪漫礼盒	10	0	0	0	0	0	1	含52万欢乐豆、13个煎牛排、14张浪漫感恩卡及永久爱的印记头像框。5折特惠哦！	0	0	0	0	0	1	个	1	0	0
37000001	image/Icon/Item/37000001.png	单机记牌器(小时)	5	0	0	0	0	1	1	可查看其他玩家已打出的牌（限单机模式使用）	3600	3	0	0	0	1	时	2	0	0
37000002	image/Icon/Item/37000002.png	单机得分加倍	0	0	0	0	0	999	1	对局胜利时使本局三家得分x2（限单机模式使用）	0	3	0	0	0	1	个	1	0	0
37000003	image/Icon/Item/37000003.png	单机负分清零	0	0	0	0	0	999	1	积分为负时将积分置为0（限单机模式使用）	0	3	0	0	0	1	个	1	0	0
37000004	image/Icon/Item/37000004.png	单机好牌卡	48	0	0	0	0	999	1	使用后立即重新发牌，必得炸弹（限单机模式使用）	0	3	0	0	0	1	个	1	0	0
35000065	image/Icon/Item/35000027.png	超值西餐套餐	10	0	0	0	0	0	1	含5阶大龙虾*1、4阶大闸蟹*2、3阶煎牛排*4。共1.4万经验，8折特惠哦！	0	0	0	0	0	1	个	1	0	0
35000066	image/Icon/Item/35000027.png	顶级龙虾套餐	10	0	0	0	0	0	1	含5阶大龙虾x5、4阶大闸蟹x10、3阶煎牛排x20。共7万经验。7折特惠哦！	0	0	0	0	0	1	个	1	0	0
37000005	image/Icon/Item/37000005.png	单机能量(局)	32	0	0	0	0	999	1	单机玩法每局消耗1点机器人能量（限单机模式使用）	0	0	0	0	0	1	个	1	0	0
37000006	image/Icon/Item/37000006.png	单机无限能量(小时)	32	0	0	0	0	1	1	生效期间可以畅玩单机模式而不消耗能量（限单机模式使用）	3600	3	0	0	0	1	时	2	0	0
37000067	image/Icon/Item/37000067.png	抽奖券	4	0	0	0	0	0	1	凭此券可在11月1日至11月7日参加抽奖，过期失效，注意使用时间哦！~	1573142400	0	0	1	0	1	张	1	llcustom@activity_ui~1,633	0
37000068	image/Icon/Item/37000068.png	欢乐体验礼包	10	0	0	0	0	0	1	内含欢乐马戏团(天)*5，附赠1个抽奖券，可用于活动中心特定活动抽奖！	0	0	0	0	0	0	个	1	0	0
37000069	image/Icon/Item/37000069.png	欢乐特惠礼包	10	0	0	0	0	0	1	内含欢乐马戏团(天)*35，附赠7个抽奖券，可用于活动中心特定活动抽奖！	0	0	0	0	0	0	个	1	0	0
37000070	image/Icon/Item/37000070.png	双11特惠礼包	10	0	0	0	0	0	1	双十一特惠礼包！内含30万欢乐豆，3天记牌器，3个超级加倍！	0	0	0	0	0	0	个	1	0	0
37000071	image/Icon/Item/37000071.png	双11超值礼包	10	0	0	0	0	0	1	双十一超值礼盒！内含168万欢乐豆，7天记牌器，7个超级加倍！	0	0	0	0	0	0	个	1	0	0
37000076	image/Icon/Item/37000076.png	一夜暴富礼包	10	0	0	0	0	0	1	内含46万欢乐豆，7天内每天登录领2万豆及1天记牌器，最高得60万豆！	0	0	0	0	0	0	个	1	0	0
37000077	image/Icon/Item/37000077.png	一夜暴富卡(天)	10	0	0	0	0	1	1	凭该卡每天可在活动中心领取2万豆及1天记牌器！	86400	0	0	1	0	1	天	2	0	0
37000078	image/Icon/Item/37000078.png	天天领豆礼包	10	0	0	0	0	0	1	内含21万欢乐豆，7天内每天登录领7万豆及1天记牌器，最高得70万豆！	0	0	0	0	0	0	个	1	0	0
37000079	image/Icon/Item/37000079.png	天天领豆卡(天)	10	0	0	0	0	1	1	凭该卡每天可在活动中心领取7万豆及1天记牌器！	86400	0	0	1	0	1	天	2	0	0
