##1商品序号 2贩卖品ID 3贩卖品名称 4贩卖数量 5多送数量 6商城类型 7贩卖价格 8货币类型 9折扣额度 10多送物品ID 11标签位 12运营提示 13技能描述 14图片名称 15是否可选数量 16最大数量 17最小数量 18量词 19限时开始日期时间 20限时结束日期时间 21打折限时限量售价 22非限时限量活动时段是否显示原价 23查询限量剩余数量id 24显示优惠购买按钮 25:超链接支持
#商品序号：序号唯一,对应贩卖的物品
#贩卖品ID：商品对应的载体ID
#贩卖品名称：商品名称
#贩卖数量：玩家购买时获得的原量（PC未使用）
#多送数量：玩家购买时多送的量,贩卖数量不包含多送数量（PC未使用）
#商城类型(页签)：1 角色商城；2 购买欢乐豆；3 购买钻石；4 购买体力；5 竞技模式一轮购买对局道具；6 竞技模式局间购买对局道具；7 休闲模式局间购买对局道具；8 购买道具; 9 PC局间购买;13 局间记牌器等快速购买
#贩卖价格：购买商品需要的费用,也是原价
#货币类型：费用的类型，1 欢乐豆；2 钻石；3 RMB；4 去获取-（走超链接的跳转） 5: 显示按钮"活动限定"
#折扣额度：费用打折额度,单位为万分之(暂时不用，打折价格使用21)
#多送物品ID：购买此物品还会送什么别的资源
#标签位：1 促销；2 打折；3 限时；4 限量；0 无标签
#运营提示：物品上方的的提示（多送10%）注意显示效果
#技能描述：角色购买时的技能信息
#图片名称：商品显示的图片名称（old平台：商品出现于哪个平台，0 双平台；1 IOS；2 安卓（PC未使用））
#是否可选数量 0为不可选
#最大数量
#最小数量
#量词 个，张，仅在限量时显示 0为空
#限时开始日期 2015.10.28/10:00:00
#限时结束日期 2015.10.28/14:00:00
#打折限时限量售价 打折、限时或限量时的销售时的售价
#非限时限量活动时段是否显示原价 0为显示
#查询限量剩余数量id：查询服务器对应配置
#显示优惠购买按钮：0 不显示；1 显示
#超链接支持：llcustom@dailyreward_ui 跳转到每日奖励面板 : 0 标识当前没有超链接使用
#1 2 3 4 5 6 7 8 9 10 11 12 13 14 15 16 17 18 19 20 21 22 23 24 25
108	10140000	晓谦	1	0	1	2888	2	7000	0	3	0	对手剩牌越多得分加成越高	10140000	0	999	1	0	2018.10.21/00:00:00	2018.10.29/00:00:00	2021	0	0	0	0
116	10200000	貂蝉	1	0	1	999999	6	10000	0	3	0	可获取对手得分;得分时有几率翻倍	10200000	0	999	1	0	2018.10.21/00:00:00	2019.10.29/00:00:00	0	0	0	0	0
104	10040000	艾琳娜	1	0	1	658	2	7000	0	3	0	报单/报双，竞技分有大量加成	10040000	0	999	1	0	2018.10.21/00:00:00	2018.10.29/00:00:00	460	0	0	0	0
115	10190000	福尔摩汪	1	0	1	1686	2	7000	0	3	0	打出牌型获取线索收集满可增加竞技分	10190000	0	999	1	0	2018.10.21/00:00:00	2018.10.29/00:00:00	1180	0	0	0	0
109	10150000	发哥	1	0	1	999999	6	10000	0	0	0	竞技模式里提前透视并更换癞子牌	10150000	0	999	1	0	2018.10.21/00:00:00	2018.10.29/00:00:00	0	0	0	0	llcustom@new_shop_ui~4
105	10050000	直树	1	0	1	2688	2	7000	0	3	0	竞技模式里大幅提升优先叫地主的概率	10050000	0	999	1	0	2018.10.21/00:00:00	2018.10.29/00:00:00	1881	0	0	0	0
112	10160000	赛罗	1	0	1	360000	1	7000	0	3	0	竞技模式里三次以上压制可得额外竞技分	10160000	0	999	1	0	2018.10.21/00:00:00	2018.10.29/00:00:00	252000	0	0	0	0
102	10020000	贝儿	1	0	1	188	2	7000	0	3	0	连胜可以额外获得1个爱心	10020000	0	999	1	0	2018.10.21/00:00:00	2018.10.29/00:00:00	131	0	0	0	0
113	10170000	涛涛	1	0	1	480000	1	7000	0	3	0	出牌时间越短得分加成越高	10170000	0	999	1	0	2018.10.21/00:00:00	2018.10.29/00:00:00	336000	0	0	0	0
103	10030000	卡神	1	0	1	428	2	7000	0	3	0	竞技模式里明牌时可以获更高的倍数	10030000	0	999	1	0	2018.10.21/00:00:00	2018.10.29/00:00:00	299	0	0	0	0
110	12020000	乔叔	1	0	1	500	1	7000	0	3	0	0	12020000	0	999	1	0	2018.10.21/00:00:00	2018.10.29/00:00:00	350	0	0	0	0
111	12030000	凯蒂	1	0	1	500	1	7000	0	3	0	0	12030000	0	999	1	0	2018.10.21/00:00:00	2018.10.29/00:00:00	350	0	0	0	0
101	10010000	小燕	1	0	1	500	1	7000	0	3	0	0	10010000	0	999	1	0	2018.10.21/00:00:00	2018.10.29/00:00:00	350	0	0	0	0
100	10000000	小志	1	0	1	500	1	7000	0	3	0	0	10000000	0	999	1	0	2018.10.21/00:00:00	2018.10.29/00:00:00	350	0	0	0	0
114	10180000	财神	1	0	1	0	5	10000	0	0	0	打出炸弹有概率全桌获得豆子;购买钻石可获得加赠	10020000	0	999	1	0	2015.10.28/10:00:00	2016.03.02/11:13:00	0	0	0	0	0
106	12000000	牛小妞	1	0	1	0	5	10000	0	0	0	0	12000000	0	999	1	0	2015.10.28/10:00:00	2016.03.02/11:13:00	0	0	0	0	llcustom@activity_ui
107	12010000	铃兰	1	0	1	0	5	10000	0	0	0	0	12010000	0	999	1	0	2015.10.28/10:00:00	2016.03.02/11:13:00	0	0	0	0	llcustom@activity_ui
119	10240000	皮格超人	1	0	1	999999	6	10000	0	3	0	看底牌，打出底牌或同点数牌加竞技分	10240000	0	999	1	0	2018.10.21/00:00:00	2018.10.29/00:00:00	0	0	0	0	0
200	40000001	3.6万欢乐豆	36000	0	2,9,14	30	2	10000	0	0	多送20%	0	40000001	0	999	1	包	2016.03.02/11:15:00	2016.03.02/11:16:00	0	0	0	0	0
201	40000001	7.56万欢乐豆	72000	3600	2,9,14	60	2	10000	0	0	多送26%	0	40000002	0	999	1	包	2015.10.28/10:00:00	2016.11.28/14:00:00	0	0	0	0	0
202	40000001	13.2万欢乐豆	120000	12000	2,9,14	100	2	10000	0	0	多送32%	0	40000003	0	999	1	包	2016.03.02/11:08:30	2016.03.02/11:13:00	0	0	0	0	0
203	40000001	27.6万欢乐豆	240000	36000	2,9,14	200	2	10000	0	0	多送38%	0	40000004	0	999	1	箱	2016.03.02/08:42:00	2016.11.05/18:00:00	0	0	0	0	0
204	40000001	72万欢乐豆	600000	120000	2,9,14	500	2	10000	0	0	多送44%	0	40000006	0	999	1	箱	2015.11.08/10:00:00	2016.11.28/14:00:00	0	0	0	0	0
205	40000001	150万欢乐豆	1200000	300000	2,9,14	1000	2	10000	0	0	多送50%	0	40000007	0	999	1	箱	2015.11.08/11:53:40	2016.11.28/12:46:00	0	0	0	0	0
206	40000001	468万欢乐豆	3600000	1080000	2,9,14	3000	2	10000	0	0	多送56%	0	40000008	0	999	1	箱	2015.11.08/11:53:40	2016.11.28/12:46:00	0	0	0	0	0
251	40000001	2万欢乐豆	20000	0	14	20	2	10000	0	0	0	0	40000001	0	999	1	包	2015.11.08/11:53:41	2016.11.28/12:46:01	0	1	0	0	0
252	40000001	5.4万欢乐豆	54000	0	14	45	2	10000	0	0	多送31%	0	40000002	0	999	1	包	2015.11.08/11:53:42	2016.11.28/12:46:02	0	1	0	0	0
253	40000001	20万欢乐豆	180000	20000	14	150	2	10000	0	0	多送33%	0	40000004	0	999	1	包	2015.11.08/11:53:43	2016.11.28/12:46:03	0	1	0	0	0
254	40000001	42万欢乐豆	360000	60000	14	300	2	10000	0	0	多送40%	0	40000006	0	999	1	包	2015.11.08/11:53:44	2016.11.28/12:46:04	0	1	0	0	0
255	40000001	56万欢乐豆	480000	80000	14	400	2	10000	0	0	多送40%	0	40000006	0	999	1	箱	2015.11.08/11:53:45	2016.11.28/12:46:05	0	1	0	0	0
256	40000001	110万欢乐豆	900000	200000	14	750	2	10000	0	0	多送46%	0	40000007	0	999	1	箱	2015.11.08/11:53:46	2016.11.28/12:46:06	0	1	0	0	0
209	40000010	30钻	30	0	3	3	3	10000	0	0	0	0	70000004	0	999	1	0	2015.10.28/10:00:00	2016.10.28/14:00:00	0	0	0	0	0
210	40000010	100钻	100	0	3	10	3	10000	0	0	0	0	70000005	0	999	1	0	2015.10.28/10:00:00	2016.10.28/14:00:00	0	0	0	0	0
211	40000010	200钻	200	0	3	20	3	10000	0	0	0	0	70000006	0	999	1	0	2015.10.28/10:00:00	2016.10.28/14:00:00	0	0	0	0	0
212	40000010	500钻	500	0	3	50	3	10000	0	0	0	0	70000007	0	999	1	0	2015.10.28/10:00:00	2016.10.28/14:00:00	0	0	0	0	0
213	40000010	1000钻	1000	0	3	100	3	10000	0	0	0	0	70000008	0	999	1	0	2015.10.28/10:00:00	2016.10.28/14:00:00	0	0	0	0	0
214	40000010	2000钻	2000	0	3	200	3	10000	0	0	0	0	70000009	0	999	1	0	2015.10.28/10:00:00	2016.10.28/14:00:00	0	0	0	0	0
215	40000010	3000钻	3000	0	3	300	3	10000	0	0	0	0	70000010	0	999	1	0	2015.10.28/10:00:00	2016.10.28/14:00:00	0	0	0	0	0
238	40000010	600钻(财神特惠)	500	100	12	50	3	10000	0	0	多送20%	0	70000003	0	999	1	0	2015.10.28/10:00:00	2016.10.28/14:00:00	0	0	0	0	0
300	30000000	体力x5	5	0	4	30	2	10000	0	0	0	0	30000000	0	999	1	0	2015.10.28/10:00:00	2016.10.28/14:00:00	0	0	0	0	0
301	30000000	体力x5	5	0	4	45	2	10000	0	0	0	0	30000000	0	999	1	0	2015.10.28/10:00:00	2016.10.28/14:00:00	0	0	0	0	0
302	30000000	体力x5	5	0	4	60	2	10000	0	0	0	0	30000000	0	999	1	0	2015.10.28/10:00:00	2016.10.28/14:00:00	0	0	0	0	0
809	80000002	竞技到底	1	0	8	20	2	10000	30000000;3,30020000;4	4	每日限购1	0	80000002	1	999	1	0	2018.04.03/00:00:00	2018.04.08/00:00:00	20	1	26048	0	0
800	80000000	冲分神器	1	0	8	30000	1	6000	30020000;5,30020001;10	3	0	0	80000000	1	999	1	0	2018.04.03/00:00:00	2018.04.08/00:00:00	18000	0	0	0	0
350	30020000	得分加成	1	0	5,6,8	2500	1	6000	0	3	0	0	30020000	1	999	1	个	2018.04.03/00:00:00	2018.04.08/00:00:00	1500	0	0	0	0
351	30020001	超级加倍卡	1	0	8	2000	1	6000	0	3	0	0	30020011	1	999	1	张	2018.04.03/00:00:00	2018.04.08/00:00:00	1200	0	0	0	0
356	30020001	超级加倍x10	10	0	8	20000	1	6000	0	3	0	0	30020012	0	999	1	组	2018.04.03/00:00:00	2018.04.08/00:00:00	12000	0	0	0	0
351	30020013	超级加倍x6	6	0	5,6,7	2000	1	6000	0	3	0	0	30020013	0	999	1	组	2018.04.03/00:00:00	2018.04.08/00:00:00	1200	1	0	0	0
351	30020014	超级加倍x12	12	0	5,6,7	2000	1	6000	0	3	0	0	30020014	0	999	1	组	2018.04.03/00:00:00	2018.04.08/00:00:00	1200	1	0	0	0
555	30020014	超级加倍x24	24	0	5,6,7	2000	1	6000	0	3	0	0	30020014	0	999	1	组	2018.04.03/00:00:00	2018.04.08/00:00:00	1200	1	0	0	0
352	30020002	连胜符	1	0	5,6,8	20	2	6000	0	3	0	0	30020002	0	999	1	个	2018.04.03/00:00:00	2018.04.08/00:00:00	12	0	0	0	0
353	30020003	记牌器(单局)	1	0	8,13	1500	1	6000	0	3	0	0	30020003	1	999	1	个	2018.04.03/00:00:00	2018.04.08/00:00:00	900	0	0	0	0
354	30020004	记牌器(7天)	7	0	8,13	99	2	6000	0	3	0	0	30020004	1	999	1	组	2018.04.03/00:00:00	2018.04.08/00:00:00	59	0	0	0	0
357	30020005	补签卡	1	0	8	3	2	6000	0	3	0	0	30020006	1	999	1	张	2018.04.03/00:00:00	2018.04.08/00:00:00	1	0	37101	0	0
450	30000001	第1次复活	1	0	9	20	2	10000	0	0	0	0	30000001	0	999	1	0	2015.10.28/10:00:00	2016.10.28/14:00:00	0	0	0	0	0
451	30000001	第2次复活	1	0	9	40	2	10000	0	0	0	0	30000001	0	999	1	0	2015.10.28/10:00:00	2016.10.28/14:00:00	0	0	0	0	0
718	32000031	欢乐飞艇(天)	7	0	10	0	5	10000	0	0	0	0	32000031	0	999	1	0	2015.10.28/10:00:00	2016.10.28/14:00:00	0	0	0	0	0
717	32000023	欢乐列车(天)	7	0	10	0	5	10000	0	0	0	0	32000023	0	999	1	0	2015.10.28/10:00:00	2016.10.28/14:00:00	0	0	0	0	0
709	32000011	梦想绿茵(7天)	7	0	10	15000	1	10000	0	0	0	0	32000011	0	999	1	0	2015.10.28/10:00:00	2016.10.28/14:00:00	0	0	0	0	0
715	32000016	碧海蓝天(7天)	7	0	10	15000	1	10000	0	0	0	0	32000016	0	999	1	0	2015.10.28/10:00:01	2016.10.28/14:00:01	0	0	0	0	0
704	32000009	珞珈情缘(7天)	7	0	10	12	2	10000	0	0	0	0	32000009	0	999	1	0	2015.10.28/10:00:00	2016.10.28/14:00:00	0	0	0	0	0
706	32000003	闲情逸致(7天)	7	0	10	12000	1	10000	0	0	0	0	32000003	0	999	1	0	2015.10.28/10:00:00	2016.10.28/14:00:00	0	0	0	0	0
708	32000005	春风和煦(5天)	5	0	10	10000	1	10000	0	0	0	0	32000005	0	999	1	0	2015.10.28/10:00:00	2016.10.28/14:00:00	0	0	0	0	0
712	32000010	黄昏漓江(7天)	7	0	10	18	2	10000	0	0	0	0	32000010	0	999	1	0	2015.10.28/10:00:00	2016.10.28/14:00:00	0	0	0	0	0
