##1技能ID	2技能名称	3技能图标ID	4技能描述	5数值配置	6升级费用	7升级费用货币类型   8费用折扣  9折扣开始时间  10折扣结束时间
#技能ID：ID统一为8位，1xxxxxxx为角色ID段；2xxxxxxx为宠物ID段；3xxxxxxx为物品ID段；4xxxxxxx为欢乐豆ID段；5xxxxxxx为技能段
#技能名称：技能中文名称
#技能图标ID：图标资源的名称,和技能ID的前4位有对应关系
#技能描述：技能描述文本
#数值配置：技能效果等重要参数.意义及顺序会根据技能类而定
##技能参数定义如下:
#报警加成(剩余牌数, 得分加成[万分之])
#连胜加心(需要连胜局数)
#天赐地主（优先叫地主增加的概率[万分之]）
#明牌加倍（明牌倍数1，明牌倍数2，明牌倍数3，明牌倍数4）
#财神送豆（技能概率，玩家自己豆子区间上限，玩家自己豆子区间下限，其他两家豆子区间上限，其他两家豆子区间下限）
#升级费用：升级费用
#升级费用货币类型：1 欢乐豆；2 钻石；100 该技能无法强化
#
#
##1			2			3				4						5		6	7	8		9	10
50000001	报警加成LV1	skillicon_5000	报单/报双，得分加成10%	2,1000	70	2	10000	0	0
50000002	报警加成LV2	skillicon_5000	报单/报双，得分加成15%	2,1500	70	2	10000	0	0
50000003	报警加成LV3	skillicon_5000	报单/报双，得分加成20%	2,2000	90	2	10000	0	0
50000004	报警加成LV4	skillicon_5000	报单/报双，得分加成25%	2,2500	90	2	10000	0	0
50000005	报警加成LV5	skillicon_5000	报单/报双，得分加成30%	2,3000	120	2	10000	0	0
50000006	报警加成LV6	skillicon_5000	报单/报双，得分加成35%	2,3500	120	2	10000	0	0
50000007	报警加成LV7	skillicon_5000	报单/报双，得分加成40%	2,4000	150	2	10000	0	0
50000008	报警加成LV8	skillicon_5000	报单/报双，得分加成45%	2,4500	150	2	10000	0	0
50000009	报警加成LV9	skillicon_5000	报单/报双，得分加成50%	2,5000	200	2	10000	0	0
50000010	报警加成LV10	skillicon_5000	报单/报双，得分加成55%	2,5500	200	2	10000	0	0
50000011	报警加成LV11	skillicon_5000	报单/报双，得分加成60%	2,6000	250	2	10000	0	0
50000012	报警加成LV12	skillicon_5000	报单/报双，得分加成65%	2,6500	300	2	10000	0	0
50000013	报警加成LV13	skillicon_5000	报单/报双，得分加成70%	2,7000	350	2	10000	0	0
50000014	报警加成LV14	skillicon_5000	报单/报双，得分加成75%	2,7500	350	2	10000	0	0
50000015	报警加成LV15	skillicon_5000	报单/报双，得分加成85%	2,8500	350	2	10000	0	0
50000016	报警加成LV16	skillicon_5000	报单/报双，得分加成95%	2,9500	350	2	10000	0	0
50000017	报警加成LV17	skillicon_5000	报单/报双，得分加成105%	2,10500	350	2	10000	0	0
50000018	报警加成LV18	skillicon_5000	报单/报双，得分加成115%	2,11500	350	2	10000	0	0
50000019	报警加成LV19	skillicon_5000	报单/报双，得分加成125%	2,12500	350	2	10000	0	0
50000020	报警加成LV20	skillicon_5000	报单/报双，得分加成135%	2,13500	350	2	10000	0	0
50000021	报警加成LV21	skillicon_5000	报单/报双，得分加成145%	2,14500	350	2	10000	0	0
50000022	报警加成LV22	skillicon_5000	报单/报双，得分加成155%	2,15500	350	2	10000	0	0
50000023	报警加成LV23	skillicon_5000	报单/报双，得分加成170%	2,17000	350	2	10000	0	0
50000024	报警加成LV24	skillicon_5000	报单/报双，得分加成185%	2,18500	350	2	10000	0	0
50000025	报警加成LV25	skillicon_5000	报单/报双，得分加成200%	2,20000	0	2	10000	0	0
50010001	连胜加心LV1	skillicon_5001	连胜7局爱心+1，一轮生效1次	7,1	50	2	10000	0	0
50010002	连胜加心LV2	skillicon_5001	连胜6局爱心+1，一轮生效1次	6,1	100	2	10000	0	0
50010003	连胜加心LV3	skillicon_5001	连胜5局爱心+1，一轮生效1次	5,1	200	2	10000	0	0
50010004	连胜加心LV4	skillicon_5001	连胜4局爱心+1，一轮生效1次	4,1	300	2	10000	0	0
50010005	连胜加心LV5	skillicon_5001	连胜3局爱心+1，一轮生效1次	3,1	600	2	10000	0	0
50010006	连胜加心LV6	skillicon_5001	连胜2局爱心+1，一轮生效1次	2,1	0	2	10000	0	0
50020001	天赐地主LV1	skillicon_5002	优先叫地主的概率提升到40%	3333	80	2	10000	0	0
50020002	天赐地主LV2	skillicon_5002	优先叫地主的概率提升到42%	4483	80	2	10000	0	0
50020003	天赐地主LV3	skillicon_5002	优先叫地主的概率提升到44%	5714	100	2	10000	0	0
50020004	天赐地主LV4	skillicon_5002	优先叫地主的概率提升到46%	7037	100	2	10000	0	0
50020005	天赐地主LV5	skillicon_5002	优先叫地主的概率提升到48%	8462	150	2	10000	0	0
50020006	天赐地主LV6	skillicon_5002	优先叫地主的概率提升到50%	10000	150	2	10000	0	0
50020007	天赐地主LV7	skillicon_5002	优先叫地主的概率提升到52%	11667	150	2	10000	0	0
50020008	天赐地主LV8	skillicon_5002	优先叫地主的概率提升到54%	13478	200	2	10000	0	0
50020009	天赐地主LV9	skillicon_5002	优先叫地主的概率提升到56%	15455	200	2	10000	0	0
50020010	天赐地主LV10	skillicon_5002	优先叫地主的概率提升到58%	17619	200	2	10000	0	0
50020011	天赐地主LV11	skillicon_5002	优先叫地主的概率提升到60%	20000	200	2	10000	0	0
50020012	天赐地主LV12	skillicon_5002	优先叫地主的概率提升到62%	22632	250	2	10000	0	0
50020013	天赐地主LV13	skillicon_5002	优先叫地主的概率提升到64%	25556	250	2	10000	0	0
50020014	天赐地主LV14	skillicon_5002	优先叫地主的概率提升到66%	28824	250	2	10000	0	0
50020015	天赐地主LV15	skillicon_5002	优先叫地主的概率提升到68%	32500	250	2	10000	0	0
50020016	天赐地主LV16	skillicon_5002	优先叫地主的概率提升到70%	36667	300	2	10000	0	0
50020017	天赐地主LV17	skillicon_5002	优先叫地主的概率提升到72%	41429	300	2	10000	0	0
50020018	天赐地主LV18	skillicon_5002	优先叫地主的概率提升到74%	46923	300	2	10000	0	0
50020019	天赐地主LV19	skillicon_5002	优先叫地主的概率提升到76%	53333	300	2	10000	0	0
50020020	天赐地主LV20	skillicon_5002	优先叫地主的概率提升到78%	60909	300	2	10000	0	0
50020021	天赐地主LV21	skillicon_5002	优先叫地主的概率提升到80%	70000	300	2	10000	0	0
50020022	天赐地主LV22	skillicon_5002	优先叫地主的概率提升到81%	75263	300	2	10000	0	0
50020023	天赐地主LV23	skillicon_5002	优先叫地主的概率提升到82%	81111	300	2	10000	0	0
50020024	天赐地主LV24	skillicon_5002	优先叫地主的概率提升到83%	87647	350	2	10000	0	0
50020025	天赐地主LV25	skillicon_5002	优先叫地主的概率提升到84%	95000	350	2	10000	0	0
50020026	天赐地主LV26	skillicon_5002	优先叫地主的概率提升到85%	103333	350	2	10000	0	0
50020027	天赐地主LV27	skillicon_5002	优先叫地主的概率提升到86%	112857	350	2	10000	0	0
50020028	天赐地主LV28	skillicon_5002	优先叫地主的概率提升到87%	123846	350	2	10000	0	0
50020029	天赐地主LV29	skillicon_5002	优先叫地主的概率提升到88%	136667	350	2	10000	0	0
50020030	天赐地主LV30	skillicon_5002	优先叫地主的概率提升到89%	151818	350	2	10000	0	0
50020031	天赐地主LV31	skillicon_5002	优先叫地主的概率提升到90%	170000	0	2	10000	0	0
50030001	明牌加倍LV1		skillicon_5003	明牌开始倍数变为6倍		6,5,4,2	60	2	10000	0	0   0
50030002	明牌加倍LV2		skillicon_5003	明牌开始倍数变为7倍		7,6,4,3	60	2	10000	0	0	0
50030003	明牌加倍LV3		skillicon_5003	明牌开始倍数变为8倍		8,6,5,3	80	2	10000	0	0	0
50030004	明牌加倍LV4		skillicon_5003	明牌开始倍数变为9倍		9,7,5,4	80	2	10000	0	0	0
50030005	明牌加倍LV5		skillicon_5003	明牌开始倍数变为10倍	10,8,6,4	100	2	10000	0	0
50030006	明牌加倍LV6		skillicon_5003	明牌开始倍数变为11倍	11,9,7,4	100	2	10000	0	0
50030007	明牌加倍LV7		skillicon_5003	明牌开始倍数变为12倍	12,10,7,5	120	2	10000	0	0
50030008	明牌加倍LV8		skillicon_5003	明牌开始倍数变为13倍	13,10,8,5	120	2	10000	0	0
50030009	明牌加倍LV9		skillicon_5003	明牌开始倍数变为14倍	14,11,8,6	150	2	10000	0	0
50030010	明牌加倍LV10	skillicon_5003	明牌开始倍数变为15倍	15,12,9,6	150	2	10000	0	0
50030011	明牌加倍LV11	skillicon_5003	明牌开始倍数变为16倍	16,13,10,6	200	2	10000	0	0
50030012	明牌加倍LV12	skillicon_5003	明牌开始倍数变为17倍	17,14,10,7	250	2	10000	0	0
50030013	明牌加倍LV13	skillicon_5003	明牌开始倍数变为18倍	18,14,11,7	300	2	10000	0	0
50030014	明牌加倍LV14	skillicon_5003	明牌开始倍数变为19倍	19,15,11,8	350	2	10000	0	0
50030015	明牌加倍LV15	skillicon_5003	明牌开始倍数变为20倍	20,16,12,8	0	2	10000	0	0
50040001	胜利之歌LV1	skillicon_5004	对手每张手牌为你加分1%	100	90	2	10000	0	0
50040002	胜利之歌LV2	skillicon_5004	对手每张手牌为你加分1.2%	120	95	2	10000	0	0
50040003	胜利之歌LV3	skillicon_5004	对手每张手牌为你加分1.4%	140	100	2	10000	0	0
50040004	胜利之歌LV4	skillicon_5004	对手每张手牌为你加分1.6%	160	105	2	10000	0	0
50040005	胜利之歌LV5	skillicon_5004	对手每张手牌为你加分1.8%	180	110	2	10000	0	0
50040006	胜利之歌LV6	skillicon_5004	对手每张手牌为你加分2%	200	115	2	10000	0	0
50040007	胜利之歌LV7	skillicon_5004	对手每张手牌为你加分2.2%	220	120	2	10000	0	0
50040008	胜利之歌LV8	skillicon_5004	对手每张手牌为你加分2.4%	240	125	2	10000	0	0
50040009	胜利之歌LV9	skillicon_5004	对手每张手牌为你加分2.6%	260	130	2	10000	0	0
50040010	胜利之歌LV10	skillicon_5004	对手每张手牌为你加分2.8%	280	140	2	10000	0	0
50040011	胜利之歌LV11	skillicon_5004	对手每张手牌为你加分3%	300	150	2	10000	0	0
50040012	胜利之歌LV12	skillicon_5004	对手每张手牌为你加分3.3%	330	160	2	10000	0	0
50040013	胜利之歌LV13	skillicon_5004	对手每张手牌为你加分3.6%	360	170	2	10000	0	0
50040014	胜利之歌LV14	skillicon_5004	对手每张手牌为你加分3.9%	390	180	2	10000	0	0
50040015	胜利之歌LV15	skillicon_5004	对手每张手牌为你加分4.2%	420	190	2	10000	0	0
50040016	胜利之歌LV16	skillicon_5004	对手每张手牌为你加分4.5%	450	200	2	10000	0	0
50040017	胜利之歌LV17	skillicon_5004	对手每张手牌为你加分4.8%	480	210	2	10000	0	0
50040018	胜利之歌LV18	skillicon_5004	对手每张手牌为你加分5.1%	510	220	2	10000	0	0
50040019	胜利之歌LV19	skillicon_5004	对手每张手牌为你加分5.4%	540	230	2	10000	0	0
50040020	胜利之歌LV20	skillicon_5004	对手每张手牌为你加分5.7%	570	245	2	10000	0	0
50040021	胜利之歌LV21	skillicon_5004	对手每张手牌为你加分6%	600	260	2	10000	0	0
50040022	胜利之歌LV22	skillicon_5004	对手每张手牌为你加分6.3%	630	275	2	10000	0	0
50040023	胜利之歌LV23	skillicon_5004	对手每张手牌为你加分6.6%	660	290	2	10000	0	0
50040024	胜利之歌LV24	skillicon_5004	对手每张手牌为你加分6.9%	690	305	2	10000	0	0
50040025	胜利之歌LV25	skillicon_5004	对手每张手牌为你加分7.2%	720	320	2	10000	0	0
50040026	胜利之歌LV26	skillicon_5004	对手每张手牌为你加分7.5%	750	335	2	10000	0	0
50040027	胜利之歌LV27	skillicon_5004	对手每张手牌为你加分8%	800	350	2	10000	0	0
50040028	胜利之歌LV28	skillicon_5004	对手每张手牌为你加分8.5%	850	365	2	10000	0	0
50040029	胜利之歌LV29	skillicon_5004	对手每张手牌为你加分9%	900	380	2	10000	0	0
50040030	胜利之歌LV30	skillicon_5004	对手每张手牌为你加分9.5%	950	400	2	10000	0	0
50040031	胜利之歌LV31	skillicon_5004	对手每张手牌为你加分10%	1000	420	2	10000	0	0
50040032	胜利之歌LV32	skillicon_5004	对手每张手牌为你加分10.5%	1050	440	2	10000	0	0
50040033	胜利之歌LV33	skillicon_5004	对手每张手牌为你加分11%	1100	460	2	10000	0	0
50040034	胜利之歌LV34	skillicon_5004	对手每张手牌为你加分11.5%	1150	480	2	10000	0	0
50040035	胜利之歌LV35	skillicon_5004	对手每张手牌为你加分12%	1200	0	2	10000	0	0
50050001	逆转乾坤LV1		skillicon_5005	25%概率提前透视癞子牌，癞子牌是3-5时可更换	2500,3,5	100	2	10000	0	0
50050002	逆转乾坤LV2		skillicon_5005	27%概率提前透视癞子牌，癞子牌是3-5时可更换	2700,3,5	105	2	10000	0	0
50050003	逆转乾坤LV3		skillicon_5005	29%概率提前透视癞子牌，癞子牌是3-5时可更换	2900,3,5	110	2	10000	0	0
50050004	逆转乾坤LV4		skillicon_5005	31%概率提前透视癞子牌，癞子牌是3-5时可更换	3100,3,5	115	2	10000	0	0
50050005	逆转乾坤LV5		skillicon_5005	33%概率提前透视癞子牌，癞子牌是3-5时可更换	3300,3,5	120	2	10000	0	0
50050006	逆转乾坤LV6		skillicon_5005	35%概率提前透视癞子牌，癞子牌是3-5时可更换	3500,3,5	170	2	10000	0	0
50050007	逆转乾坤LV7		skillicon_5005	37%概率提前透视癞子牌，癞子牌是3-6时可更换	3700,3,6	175	2	10000	0	0
50050008	逆转乾坤LV8		skillicon_5005	39%概率提前透视癞子牌，癞子牌是3-6时可更换	3900,3,6	180	2	10000	0	0
50050009	逆转乾坤LV9		skillicon_5005	41%概率提前透视癞子牌，癞子牌是3-6时可更换	4100,3,6	185	2	10000	0	0
50050010	逆转乾坤LV10	skillicon_5005	43%概率提前透视癞子牌，癞子牌是3-6时可更换	4300,3,6	190	2	10000	0	0
50050011	逆转乾坤LV11	skillicon_5005	45%概率提前透视癞子牌，癞子牌是3-6时可更换	4500,3,6	195	2	10000	0	0
50050012	逆转乾坤LV12	skillicon_5005	47%概率提前透视癞子牌，癞子牌是3-6时可更换	4700,3,6	245	2	10000	0	0
50050013	逆转乾坤LV13	skillicon_5005	48%概率提前透视癞子牌，癞子牌是3-7时可更换	4800,3,7	250	2	10000	0	0
50050014	逆转乾坤LV14	skillicon_5005	49%概率提前透视癞子牌，癞子牌是3-7时可更换	4900,3,7	255	2	10000	0	0
50050015	逆转乾坤LV15	skillicon_5005	50%概率提前透视癞子牌，癞子牌是3-7时可更换	5000,3,7	260	2	10000	0	0
50050016	逆转乾坤LV16	skillicon_5005	51%概率提前透视癞子牌，癞子牌是3-7时可更换	5100,3,7	265	2	10000	0	0
50050017	逆转乾坤LV17	skillicon_5005	52%概率提前透视癞子牌，癞子牌是3-7时可更换	5200,3,7	270	2	10000	0	0
50050018	逆转乾坤LV18	skillicon_5005	53%概率提前透视癞子牌，癞子牌是3-7时可更换	5300,3,7	320	2	10000	0	0
50050019	逆转乾坤LV19	skillicon_5005	54%概率提前透视癞子牌，癞子牌是3-8时可更换	5400,3,8	325	2	10000	0	0
50050020	逆转乾坤LV20	skillicon_5005	55%概率提前透视癞子牌，癞子牌是3-8时可更换	5500,3,8	330	2	10000	0	0
50050021	逆转乾坤LV21	skillicon_5005	56%概率提前透视癞子牌，癞子牌是3-8时可更换	5600,3,8	335	2	10000	0	0
50050022	逆转乾坤LV22	skillicon_5005	57%概率提前透视癞子牌，癞子牌是3-8时可更换	5700,3,8	340	2	10000	0	0
50050023	逆转乾坤LV23	skillicon_5005	58%概率提前透视癞子牌，癞子牌是3-8时可更换	5800,3,8	345	2	10000	0	0
50050024	逆转乾坤LV24	skillicon_5005	59%概率提前透视癞子牌，癞子牌是3-8时可更换	5900,3,8	395	2	10000	0	0
50050025	逆转乾坤LV25	skillicon_5005	60%概率提前透视癞子牌，癞子牌是3-9时可更换	6000,3,9	400	2	10000	0	0
50050026	逆转乾坤LV26	skillicon_5005	61%概率提前透视癞子牌，癞子牌是3-9时可更换	6100,3,9	405	2	10000	0	0
50050027	逆转乾坤LV27	skillicon_5005	62%概率提前透视癞子牌，癞子牌是3-9时可更换	6200,3,9	410	2	10000	0	0
50050028	逆转乾坤LV28	skillicon_5005	63%概率提前透视癞子牌，癞子牌是3-9时可更换	6300,3,9	415	2	10000	0	0
50050029	逆转乾坤LV29	skillicon_5005	64%概率提前透视癞子牌，癞子牌是3-9时可更换	6400,3,9	420	2	10000	0	0
50050030	逆转乾坤LV30	skillicon_5005	65%概率提前透视癞子牌，癞子牌是3-9时可更换	6500,3,9	470	2	10000	0	0
50050031	逆转乾坤LV31	skillicon_5005	66%概率提前透视癞子牌，癞子牌是3-10时可更换	6600,3,10	475	2	10000	0	0
50050032	逆转乾坤LV32	skillicon_5005	67%概率提前透视癞子牌，癞子牌是3-10时可更换	6700,3,10	480	2	10000	0	0
50050033	逆转乾坤LV33	skillicon_5005	68%概率提前透视癞子牌，癞子牌是3-10时可更换	6800,3,10	485	2	10000	0	0
50050034	逆转乾坤LV34	skillicon_5005	69%概率提前透视癞子牌，癞子牌是3-10时可更换	6900,3,10	490	2	10000	0	0
50050035	逆转乾坤LV35	skillicon_5005	70%概率提前透视癞子牌，癞子牌是3-10时可更换	7000,3,10	0	2	10000	0	0
50060001	帽子戏法LV1		skillicon_5006	三次以上压制，可获得额外压制分250	250	60	2	10000	0	0
50060002	帽子戏法LV2		skillicon_5006	三次以上压制，可获得额外压制分500	500	70	2	10000	0	0
50060003	帽子戏法LV3		skillicon_5006	三次以上压制，可获得额外压制分800	800	80	2	10000	0	0
50060004	帽子戏法LV4		skillicon_5006	三次以上压制，可获得额外压制分1200	1200	90	2	10000	0	0
50060005	帽子戏法LV5		skillicon_5006	三次以上压制，可获得额外压制分1700	1700	100	2	10000	0	0
50060006	帽子戏法LV6		skillicon_5006	三次以上压制，可获得额外压制分2200	2200	110	2	10000	0	0
50060007	帽子戏法LV7		skillicon_5006	三次以上压制，可获得额外压制分2800	2800	120	2	10000	0	0
50060008	帽子戏法LV8		skillicon_5006	三次以上压制，可获得额外压制分3500	3500	140	2	10000	0	0
50060009	帽子戏法LV9		skillicon_5006	三次以上压制，可获得额外压制分4200	4200	160	2	10000	0	0
50060010	帽子戏法LV10	skillicon_5006	三次以上压制，可获得额外压制分5000	5000	180	2	10000	0	0
50060011	帽子戏法LV11	skillicon_5006	三次以上压制，可获得额外压制分5800	5800	200	2	10000	0	0
50060012	帽子戏法LV12	skillicon_5006	三次以上压制，可获得额外压制分6600	6600	220	2	10000	0	0
50060013	帽子戏法LV13	skillicon_5006	三次以上压制，可获得额外压制分7500	7500	240	2	10000	0	0
50060014	帽子戏法LV14	skillicon_5006	三次以上压制，可获得额外压制分8500	8500	260	2	10000	0	0
50060015	帽子戏法LV15	skillicon_5006	三次以上压制，可获得额外压制分9500	9500	0	2	10000	0	0
50070001	争分夺秒LV1		skillicon_5007	出牌时间低于25秒，可得至少12%加成。时间越短加成越高	25000,2146,9770	60	2	10000	0	0
50070002	争分夺秒LV2		skillicon_5007	出牌时间低于26秒，可得至少15%加成。时间越短加成越高	26000,2746,9770	70	2	10000	0	0
50070003	争分夺秒LV3		skillicon_5007	出牌时间低于27秒，可得至少17%加成。时间越短加成越高	27000,3186,9770	80	2	10000	0	0
50070004	争分夺秒LV4		skillicon_5007	出牌时间低于28秒，可得至少20%加成。时间越短加成越高	28000,3836,9770	90	2	10000	0	0
50070005	争分夺秒LV5		skillicon_5007	出牌时间低于29秒，可得至少23%加成。时间越短加成越高	29000,4516,9770	100	2	10000	0	0
50070006	争分夺秒LV6		skillicon_5007	出牌时间低于30秒，可得至少26%加成。时间越短加成越高	30000,5225,9770	110	2	10000	0	0
50070007	争分夺秒LV7		skillicon_5007	出牌时间低于31秒，可得至少28%加成。时间越短加成越高	31000,5760,9770	120	2	10000	0	0
50070008	争分夺秒LV8		skillicon_5007	出牌时间低于32秒，可得至少31%加成。时间越短加成越高	32000,6527,9770	140	2	10000	0	0
50070009	争分夺秒LV9		skillicon_5007	出牌时间低于33秒，可得至少34%加成。时间越短加成越高	33000,7327,9770	160	2	10000	0	0
50070010	争分夺秒LV10	skillicon_5007	出牌时间低于34秒，可得至少36%加成。时间越短加成越高	34000,7941,9770	180	2	10000	0	0
50070011	争分夺秒LV11	skillicon_5007	出牌时间低于35秒，可得至少39%加成。时间越短加成越高	35000,8805,9770	200	2	10000	0	0
50070012	争分夺秒LV12	skillicon_5007	出牌时间低于36秒，可得至少42%加成。时间越短加成越高	36000,9706,9770	220	2	10000	0	0
50070013	争分夺秒LV13	skillicon_5007	出牌时间低于37秒，可得至少45%加成。时间越短加成越高	37000,10644,9770	240	2	10000	0	0
50070014	争分夺秒LV14	skillicon_5007	出牌时间低于38秒，可得至少47%加成。时间越短加成越高	38000,11379,9770	260	2	10000	0	0
50070015	争分夺秒LV15	skillicon_5007	出牌时间低于39秒，可得至少50%加成。时间越短加成越高	39000,12390,9770	0	2	10000	0	0
50080001	财神送豆LV1	skillicon_5008	打出炸弹时，50%概率所有玩家得到豆子，自己会得到更多	5000,500,2500,50,200	110	2	10000	0	0
50080002	财神送豆LV2	skillicon_5008	打出炸弹时，52%概率所有玩家得到豆子，自己会得到更多	5200,500,2500,50,200	120	2	10000	0	0
50080003	财神送豆LV3	skillicon_5008	打出炸弹时，54%概率所有玩家得到豆子，自己会得到更多	5400,500,2500,50,200	130	2	10000	0	0
50080004	财神送豆LV4	skillicon_5008	打出炸弹时，56%概率所有玩家得到豆子，自己会得到更多	5600,500,2500,50,200	140	2	10000	0	0
50080005	财神送豆LV5	skillicon_5008	打出炸弹时，58%概率所有玩家得到豆子，自己会得到更多	5800,500,2500,50,200	150	2	10000	0	0
50080006	财神送豆LV6	skillicon_5008	打出炸弹时，60%概率所有玩家得到豆子，自己会得到更多	6000,500,2500,50,200	160	2	10000	0	0
50080007	财神送豆LV7	skillicon_5008	打出炸弹时，62%概率所有玩家得到豆子，自己会得到更多	6200,500,2500,50,200	170	2	10000	0	0
50080008	财神送豆LV8	skillicon_5008	打出炸弹时，64%概率所有玩家得到豆子，自己会得到更多	6400,500,2500,50,200	180	2	10000	0	0
50080009	财神送豆LV9	skillicon_5008	打出炸弹时，66%概率所有玩家得到豆子，自己会得到更多	6600,500,2500,50,200	190	2	10000	0	0
50080010	财神送豆LV10	skillicon_5008	打出炸弹时，68%概率所有玩家得到豆子，自己会得到更多	6800,500,2500,50,200	200	2	10000	0	0
50080011	财神送豆LV11	skillicon_5008	打出炸弹时，70%概率所有玩家得到豆子，自己会得到更多	7000,500,2500,50,200	220	2	10000	0	0
50080012	财神送豆LV12	skillicon_5008	打出炸弹时，72%概率所有玩家得到豆子，自己会得到更多	7200,500,2500,50,200	240	2	10000	0	0
50080013	财神送豆LV13	skillicon_5008	打出炸弹时，74%概率所有玩家得到豆子，自己会得到更多	7400,500,2500,50,200	260	2	10000	0	0
50080014	财神送豆LV14	skillicon_5008	打出炸弹时，76%概率所有玩家得到豆子，自己会得到更多	7600,500,2500,50,200	280	2	10000	0	0
50080015	财神送豆LV15	skillicon_5008	打出炸弹时，78%概率所有玩家得到豆子，自己会得到更多	7800,500,2500,50,200	310	2	10000	0	0
50080016	财神送豆LV16	skillicon_5008	打出炸弹时，80%概率所有玩家得到豆子，自己会得到更多	8000,500,2500,50,200	330	2	10000	0	0
50080017	财神送豆LV17	skillicon_5008	打出炸弹时，82%概率所有玩家得到豆子，自己会得到更多	8200,500,2500,50,200	350	2	10000	0	0
50080018	财神送豆LV18	skillicon_5008	打出炸弹时，84%概率所有玩家得到豆子，自己会得到更多	8400,500,2500,50,200	370	2	10000	0	0
50080019	财神送豆LV19	skillicon_5008	打出炸弹时，86%概率所有玩家得到豆子，自己会得到更多	8600,500,2500,50,200	400	2	10000	0	0
50080020	财神送豆LV20	skillicon_5008	打出炸弹时，88%概率所有玩家得到豆子，自己会得到更多	8800,500,2500,50,200	430	2	10000	0	0
50080021	财神送豆LV21	skillicon_5008	打出炸弹时，90%概率所有玩家得到豆子，自己会得到更多	9000,500,2500,50,200	460	2	10000	0	0
50080022	财神送豆LV22	skillicon_5008	打出炸弹时，92%概率所有玩家得到豆子，自己会得到更多	9200,500,2500,50,200	500	2	10000	0	0
50080023	财神送豆LV23	skillicon_5008	打出炸弹时，94%概率所有玩家得到豆子，自己会得到更多	9400,500,2500,50,200	540	2	10000	0	0
50080024	财神送豆LV24	skillicon_5008	打出炸弹时，96%概率所有玩家得到豆子，自己会得到更多	9600,500,2500,50,200	580	2	10000	0	0
50080025	财神送豆LV25	skillicon_5008	打出炸弹时，98%概率所有玩家得到豆子，自己会得到更多	9800,500,2500,50,200	620	2	10000	0	0
50080026	财神送豆LV26	skillicon_5008	打出炸弹时，100%概率所有玩家得到豆子，自己会得到更多	10000,500,2500,50,200	0	2	10000	0	0
50090001	财源滚滚	skillicon_5009	购买财神专属钻石可获加赠，角色无需出战也可生效，每周仅1次	0	0	2	10000	0	0